2.00           60           -7.70         7.30
4.00           60           -7.70         7.30
6.00           60           -7.70         7.30
8.00           60           -7.70         7.30
10.00          60           -7.70         7.30
12.00          60           -7.70         7.40
14.00          59.9         -7.70         7.40
16.00          59.9         -7.70         7.40
18.00          59.9         -7.70         7.50
20.00          59.9         -7.70         7.50
22.00          59.9         -7.70         7.50
24.00          59.9         -7.70         7.50
26.00          59.9         -7.70         7.50
28.00          59.7         -7.70         7.50
30.00          59.7         -7.70         7.50
32.00          59.7         -7.70         7.50
34.00          59.7         -7.70         7.50
36.00          59.7         -7.70         7.50
38.00          59.7         -7.70         7.50
40.00          59.7         -7.70         7.50
42.00          59.7         -7.70         7.50
44.00          59.7         -7.70         7.50
46.00          59.7         -7.70         7.50
48.00          59.7         -7.70         7.50
50.00          59.7         -7.70         7.50
52.00          59.7         -7.70         7.50
54.00          59.7         -7.70         7.50
56.00          59.7         -7.70         7.50
58.00          59.9         -7.70         7.60
60.00          59.9         -7.70         7.60
62.00          59.9         -7.70         7.60
64.00          59.9         -7.70         7.60
66.00          59.9         -7.70         7.60
68.00          60           -7.70         7.60
70.00          60           -7.70         7.60
72.00          60           -7.70         7.60
74.00          60.3         -7.70         7.60
76.00          60.3         -7.70         7.60
78.00          60.3         -7.70         7.60
80.00          60.4         -7.70         7.60
82.00          60.4         -7.70         7.60
84.00          60.6         -7.70         7.60
86.00          60.6         -7.70         7.70
88.00          60.7         -7.70         7.70
90.00          60.7         -7.70         7.70
92.00          61           -7.60         7.70
94.00          61           -7.60         7.70
96.00          61.1         -7.60         7.70
98.00          61.2         -7.60         7.70
100.00         61.2         -7.60         7.70
102.00         61.4         -7.60         7.70
104.00         61.7         -7.60         7.80
106.00         61.8         -7.60         7.80
108.00         61.9         -7.60         7.80
110.00         62           -7.60         7.80
112.00         62.2         -7.60         7.80
114.00         62.5         -7.60         7.80
116.00         62.6         -7.60         7.80
118.00         62.7         -7.60         7.80
120.00         62.9         -7.60         7.80
122.00         63.1         -7.60         7.90
124.00         63.3         -7.60         7.90
126.00         63.4         -7.60         7.90
128.00         63.6         -7.60         7.90
130.00         63.8         -7.60         7.90
132.00         64           -7.60         7.90
134.00         64.1         -7.60         7.90
136.00         64.5         -7.60         7.90
138.00         64.7         -7.60         7.90
140.00         64.8         -7.60         7.90
142.00         65.1         -7.50         7.90
144.00         65.2         -7.50         8.00
146.00         65.4         -7.50         8.00
148.00         65.8         -7.50         8.00
150.00         65.9         -7.50         8.00
152.00         66.2         -7.50         8.00
154.00         66.5         -7.50         8.00
156.00         66.8         -7.50         8.00
158.00         66.9         -7.50         8.00
160.00         67.2         -7.50         8.00
162.00         67.5         -7.50         8.00
164.00         67.6         -7.50         8.10
166.00         68           -7.50         8.00
168.00         68.3         -7.50         8.10
170.00         68.6         -7.50         8.10
172.00         68.8         -7.50         8.10
174.00         69           -7.50         8.10
176.00         69.5         -7.50         8.10
178.00         69.8         -7.50         8.10
180.00         70.2         -7.50         8.10
182.00         70.3         -7.50         8.10
184.00         70.7         -7.50         8.10
186.00         71           -7.50         8.10
188.00         71.2         -7.50         8.20
190.00         71.6         -7.50         8.20
192.00         71.9         -7.40         8.20
194.00         72.3         -7.50         8.20
196.00         72.5         -7.40         8.20
198.00         73           -7.40         8.20
200.00         73.2         -7.40         8.20
202.00         73.7         -7.40         8.20
204.00         73.8         -7.40         8.20
206.00         74.2         -7.40         8.30
208.00         74.5         -7.40         8.30
210.00         74.9         -7.40         8.30
212.00         75.3         -7.40         8.30
214.00         75.6         -7.40         8.30
216.00         76           -7.40         8.30
218.00         76.4         -7.40         8.30
220.00         76.7         -7.40         8.30
222.00         77           -7.40         8.40
224.00         77.3         -7.40         8.40
226.00         77.8         -7.40         8.40
228.00         78.1         -7.40         8.40
230.00         78.5         -7.30         8.40
232.00         78.8         -7.30         8.40
234.00         79.3         -7.30         8.40
236.00         79.8         -7.30         8.40
238.00         79.9         -7.30         8.40
240.00         80.5         -7.30         8.40
242.00         80.7         -7.30         8.50
244.00         81.2         -7.30         8.50
246.00         81.4         -7.30         8.50
248.00         82           -7.30         8.50
250.00         82.3         -7.30         8.50
252.00         82.8         -7.30         8.50
254.00         83.2         -7.30         8.50
256.00         83.5         -7.30         8.50
258.00         83.9         -7.30         8.60
260.00         84.3         -7.30         8.60
262.00         84.8         -7.30         8.60
264.00         85.1         -7.30         8.60
266.00         85.7         -7.30         8.60
268.00         86.1         -7.20         8.60
270.00         86.7         -7.20         8.60
272.00         86.9         -7.20         8.60
274.00         87.4         -7.20         8.70
276.00         87.6         -7.20         8.70
278.00         88.2         -7.20         8.70
280.00         88.5         -7.20         8.70
282.00         89           -7.20         8.70
284.00         89.4         -7.20         8.70
286.00         89.9         -7.20         8.70
288.00         90.3         -7.20         8.70
290.00         90.6         -7.20         8.70
292.00         91.1         -7.20         8.80
294.00         91.5         -7.20         8.80
296.00         91.9         -7.20         8.80
298.00         92.4         -7.20         8.80
300.00         92.9         -7.20         8.80
302.00         93.3         -7.20         8.80
304.00         93.9         -7.20         8.80
306.00         94.3         -7.20         8.80
308.00         94.6         -7.20         8.80
310.00         95           -7.20         8.90
312.00         95.4         -7.10         8.90
314.00         96           -7.10         8.90
316.00         96.4         -7.10         8.90
318.00         96.8         -7.10         8.90
320.00         97.4         -7.10         8.90
322.00         97.8         -7.10         8.90
324.00         98.2         -7.10         8.90
326.00         98.6         -7.10         8.90
328.00         99.2         -7.10         8.90
330.00         99.4         -7.10         9.00
332.00         100          -7.10         9.00
334.00         100.5        -7.10         9.00
336.00         101          -7.10         9.00
338.00         101.5        -7.10         9.00
340.00         101.9        -7.10         9.00
342.00         102.3        -7.10         9.00
344.00         102.9        -7.10         9.00
346.00         103.3        -7.10         9.00
348.00         103.7        -7.10         9.00
350.00         104.3        -7.10         9.00
352.00         104.7        -7.10         9.10
354.00         105.1        -7.00         9.10
356.00         105.7        -7.00         9.10
358.00         106.3        -7.00         9.10
360.00         106.9        -7.00         9.10
362.00         107.2        -7.00         9.20
364.00         107.7        -7.00         9.20
366.00         108.3        -7.00         9.20
368.00         108.6        -7.00         9.20
370.00         109.1        -7.00         9.20
372.00         109.7        -7.00         9.20
374.00         110.2        -7.00         9.20
376.00         110.6        -7.00         9.20
378.00         111.2        -7.00         9.20
380.00         111.7        -7.00         9.20
382.00         112          -7.00         9.20
384.00         112.6        -7.00         9.30
386.00         113.1        -7.00         9.20
388.00         113.7        -7.00         9.30
390.00         114.1        -6.90         9.30
392.00         114.7        -6.90         9.30
394.00         115.2        -6.90         9.30
396.00         115.5        -7.00         9.30
398.00         116.2        -6.90         9.30
400.00         116.7        -6.90         9.40
402.00         117.2        -6.90         9.40
404.00         117.4        -6.90         9.40
406.00         118          -6.90         9.40
408.00         118.5        -6.90         9.40
410.00         119.2        -6.90         9.40
412.00         119.7        -6.90         9.40
414.00         120.3        -6.90         9.40
416.00         120.9        -6.90         9.50
418.00         121.1        -6.90         9.50
420.00         121.8        -6.90         9.50
422.00         122.3        -6.80         9.50
424.00         122.8        -6.80         9.50
426.00         123.1        -6.80         9.50
428.00         123.8        -6.80         9.50
430.00         124.3        -6.80         9.50
432.00         124.9        -6.80         9.50
434.00         125.3        -6.80         9.60
436.00         125.9        -6.80         9.60
438.00         126.4        -6.80         9.60
440.00         127          -6.80         9.60
442.00         127.3        -6.80         9.60
444.00         127.8        -6.80         9.60
446.00         128.4        -6.80         9.60
448.00         128.9        -6.70         9.70
450.00         129.6        -6.80         9.70
452.00         130          -6.70         9.70
454.00         130.6        -6.70         9.70
456.00         131.2        -6.70         9.70
458.00         131.8        -6.70         9.70
460.00         132.2        -6.70         9.70
462.00         132.6        -6.70         9.70
464.00         133.2        -6.70         9.70
466.00         133.9        -6.70         9.70
468.00         134.3        -6.70         9.70
470.00         134.8        -6.70         9.70
472.00         135.4        -6.70         9.70
474.00         136          -6.70         9.70
476.00         136.4        -6.70         9.70
478.00         137.1        -6.70         9.70
480.00         137.6        -6.70         9.80
482.00         138          -6.70         9.80
484.00         138.5        -6.70         9.80
486.00         139          -6.70         9.80
488.00         139.6        -6.70         9.80
490.00         140.3        -6.70         9.80
492.00         140.8        -6.70         9.80
494.00         141.2        -6.60         9.80
496.00         141.8        -6.60         9.80
498.00         142.3        -6.60         9.80
500.00         143          -6.60         9.80
502.00         143.4        -6.60         9.80
504.00         144          -6.60         9.80
506.00         144.5        -6.60         9.80
508.00         145.2        -6.60         9.80
510.00         145.8        -6.60         9.80
512.00         146.2        -6.60         9.80
514.00         146.7        -6.60         9.80
516.00         147.4        -6.60         9.80
518.00         148          -6.60         9.80
520.00         148.6        -6.60         9.90
522.00         148.8        -6.60         9.80
524.00         149.5        -6.60         9.80
526.00         150.1        -6.60         9.80
528.00         150.6        -6.60         9.80
530.00         151.3        -6.60         9.80
532.00         151.9        -6.60         9.80
534.00         152.3        -6.60         9.80
536.00         152.9        -6.60         9.80
538.00         153.5        -6.60         9.80
540.00         154.1        -6.60         9.80
542.00         154.7        -6.60         9.80
544.00         154.9        -6.60         9.80
546.00         155.6        -6.60         9.80
548.00         156.2        -6.60         9.80
550.00         156.7        -6.50         9.80
552.00         157.2        -6.50         9.80
554.00         157.9        -6.50         9.80
556.00         158.4        -6.60         9.80
558.00         159          -6.50         9.80
560.00         159.7        -6.50         9.80
562.00         160.2        -6.50         9.80
564.00         160.5        -6.50         9.80
566.00         161.3        -6.50         9.80
568.00         161.8        -6.50         9.80
570.00         162.4        -6.50         9.80
572.00         162.8        -6.50         9.70
574.00         163.5        -6.50         9.80
576.00         164.1        -6.50         9.70
578.00         164.6        -6.40         9.70
580.00         165.3        -6.50         9.70
582.00         165.9        -6.40         9.70
584.00         166.3        -6.40         9.60
586.00         166.7        -6.40         9.60
588.00         167.4        -6.30         9.60
590.00         167.9        -6.30         9.50
592.00         168.6        -6.30         9.40
594.00         169.1        -6.20         9.30
596.00         169.7        -6.20         9.30
598.00         170.3        -6.10         9.20
600.00         170.9        -6.10         9.10
602.00         171.4        -6.00         9.00
604.00         172.1        -5.90         8.90
606.00         172.7        -5.90         8.80
608.00         173.1        -5.80         8.60
610.00         173.6        -5.70         8.50
612.00         174.2        -5.70         8.40
614.00         174.9        -5.60         8.30
616.00         175.4        -5.40         8.10
618.00         176.1        -5.40         7.90
620.00         176.5        -5.30         7.80
622.00         177.2        -5.20         7.60
624.00         177.8        -5.00         7.40
626.00         178.4        -5.00         7.30
628.00         179.1        -4.90         7.10
630.00         179.4        -4.80         7.00
632.00         180          -4.70         6.80
634.00         180.7        -4.60         6.70
636.00         181.2        -4.60         6.60
638.00         181.9        -4.50         6.50
640.00         182.5        -4.50         6.40
642.00         183.2        -4.40         6.40
644.00         183.6        -4.40         6.30
646.00         184.3        -4.30         6.20
648.00         184.8        -4.30         6.20
650.00         185.5        -4.30         6.10
652.00         185.9        -4.20         6.10
654.00         186.6        -4.20         6.00
656.00         187.1        -4.20         6.00
658.00         187.8        -4.20         5.90
660.00         188.3        -4.10         5.90
662.00         188.9        -4.10         5.80
664.00         189.6        -4.10         5.80
666.00         190.1        -4.10         5.80
668.00         190.8        -4.10         5.70
670.00         191.2        -4.00         5.70
672.00         192          -4.00         5.70
674.00         192.4        -4.00         5.70
676.00         193          -4.00         5.70
678.00         193.7        -4.00         5.60
680.00         194.4        -4.00         5.60
682.00         194.9        -4.00         5.60
684.00         195.6        -4.00         5.60
686.00         196          -4.00         5.60
688.00         196.7        -3.90         5.60
690.00         197.3        -4.00         5.60
692.00         198          -3.90         5.50
694.00         198.5        -4.00         5.60
696.00         199.2        -3.90         5.60
698.00         199.8        -3.90         5.60
700.00         200.2        -3.90         5.50
702.00         200.8        -3.90         5.50
704.00         201.5        -3.90         5.60
706.00         202.1        -3.90         5.50
708.00         202.7        -3.90         5.50
710.00         203.4        -3.90         5.50
712.00         204          -3.90         5.50
714.00         204.6        -3.90         5.50
716.00         205.4        -3.90         5.50
718.00         205.9        -3.90         5.50
720.00         206.4        -3.90         5.50
722.00         207          -3.90         5.50
724.00         207.7        -3.90         5.50
726.00         208.4        -3.90         5.50
728.00         208.9        -3.90         5.50
730.00         209.6        -3.90         5.50
732.00         210          -3.90         5.50
734.00         210.7        -3.90         5.50
736.00         211.3        -3.90         5.50
738.00         212          -3.90         5.50
740.00         212.7        -3.90         5.50
742.00         213.1        -3.90         5.50
744.00         213.8        -3.90         5.50
746.00         214.2        -3.90         5.40
748.00         215          -3.90         5.40
750.00         215.7        -3.90         5.50
752.00         216.1        -3.90         5.40
754.00         216.8        -3.90         5.50
756.00         217.5        -3.90         5.50
758.00         218.1        -3.90         5.50
760.00         218.8        -3.90         5.50
762.00         219.5        -3.90         5.40
764.00         220          -3.90         5.40
766.00         220.3        -3.90         5.40
768.00         221          -3.90         5.50
770.00         221.7        -3.90         5.40
772.00         222.4        -3.90         5.40
774.00         222.9        -3.80         5.40
776.00         223.4        -3.80         5.40
778.00         224          -3.90         5.40
780.00         224.4        -3.90         5.40
782.00         225.1        -3.90         5.40
784.00         225.6        -3.80         5.40
786.00         226.1        -3.80         5.40
788.00         226.4        -3.80         5.40
790.00         226.8        -3.80         5.40
792.00         227.4        -3.90         5.40
794.00         227.9        -3.80         5.40
796.00         228.5        -3.80         5.40
798.00         228.9        -3.80         5.40
800.00         229.5        -3.80         5.40
802.00         230          -3.80         5.40
804.00         230.5        -3.80         5.40
806.00         231          -3.80         5.40
808.00         231.6        -3.80         5.40
810.00         231.9        -3.90         5.40
812.00         232.3        -3.90         5.40
814.00         232.9        -3.80         5.40
816.00         233.3        -3.80         5.40
818.00         233.9        -3.80         5.40
820.00         234.4        -3.80         5.40
822.00         235          -3.80         5.40
824.00         235.4        -3.80         5.40
826.00         236          -3.80         5.40
828.00         236.5        -3.80         5.40
830.00         237.1        -3.80         5.40
832.00         237.5        -3.80         5.40
834.00         238          -3.80         5.40
836.00         238.3        -3.80         5.40
838.00         238.8        -3.80         5.40
840.00         239.4        -3.80         5.40
842.00         240          -3.80         5.40
844.00         240.6        -3.80         5.40
846.00         241          -3.80         5.40
848.00         241.6        -3.80         5.40
850.00         242.1        -3.80         5.30
852.00         242.5        -3.80         5.40
854.00         243.1        -3.80         5.40
856.00         243.6        -3.80         5.40
858.00         244.2        -3.80         5.30
860.00         244.4        -3.80         5.30
862.00         245          -3.80         5.40
864.00         245.5        -3.80         5.30
866.00         246.1        -3.80         5.40
868.00         246.5        -3.80         5.40
870.00         247.1        -3.80         5.30
872.00         247.6        -3.80         5.40
874.00         248          -3.80         5.30
876.00         248.6        -3.80         5.30
878.00         249.1        -3.80         5.30
880.00         249.5        -3.80         5.30
882.00         250          -3.80         5.40
884.00         250.5        -3.80         5.30
886.00         251          -3.80         5.30
888.00         251.6        -3.80         5.30
890.00         252.1        -3.80         5.40
892.00         252.7        -3.80         5.30
894.00         253.1        -3.80         5.30
896.00         253.6        -3.80         5.30
898.00         254.2        -3.80         5.30
900.00         254.7        -3.80         5.30
902.00         255.2        -3.80         5.30
904.00         255.7        -3.80         5.30
906.00         256.3        -3.80         5.30
908.00         256.6        -3.80         5.30
910.00         256.9        -3.80         5.30
912.00         257.6        -3.80         5.30
914.00         258.2        -3.80         5.30
916.00         258.6        -3.80         5.30
918.00         259.1        -3.80         5.20
920.00         259.7        -3.80         5.30
922.00         260.2        -3.80         5.20
924.00         260.7        -3.80         5.20
926.00         261.2        -3.80         5.20
928.00         261.8        -3.80         5.20
930.00         262.1        -3.80         5.20
932.00         262.7        -3.80         5.20
934.00         263          -3.80         5.20
936.00         263.5        -3.80         5.20
938.00         263.9        -3.80         5.20
940.00         264.4        -3.80         5.20
942.00         264.9        -3.80         5.20
944.00         265.3        -3.80         5.20
946.00         265.7        -3.80         5.20
948.00         266.1        -3.80         5.20
950.00         266.4        -3.80         5.20
952.00         266.8        -3.80         5.20
954.00         267.1        -3.80         5.20
956.00         267.4        -3.80         5.20
958.00         267.8        -3.80         5.20
960.00         268          -3.80         5.20
962.00         268.5        -3.80         5.20
964.00         268.7        -3.80         5.20
966.00         269          -3.80         5.20
968.00         269.3        -3.80         5.20
970.00         269.6        -3.80         5.20
972.00         269.8        -3.80         5.20
974.00         270.1        -3.80         5.20
976.00         270.2        -3.80         5.20
978.00         270.6        -3.80         5.30
980.00         270.7        -3.80         5.20
982.00         270.9        -3.80         5.20
984.00         271.1        -3.80         5.20
986.00         271.3        -3.80         5.30
988.00         271.5        -3.80         5.30
990.00         271.7        -3.80         5.20
992.00         271.9        -3.80         5.20
994.00         272          -3.80         5.20
996.00         272.2        -3.80         5.30
998.00         272.3        -3.80         5.30
1000.00        272.3        -3.80         5.30
1002.00        272.4        -3.80         5.30
1004.00        272.6        -3.80         5.30
1006.00        272.9        -3.80         5.30
1008.00        273          -3.80         5.30
1010.00        273          -3.80         5.30
1012.00        273.1        -3.80         5.30
1014.00        273.1        -3.80         5.30
1016.00        273.2        -3.80         5.30
1018.00        273.2        -3.80         5.30
1020.00        273.2        -3.80         5.30
1022.00        273.4        -3.80         5.30
1024.00        273.4        -3.80         5.30
1026.00        273.4        -3.80         5.30
1028.00        273.4        -3.80         5.30
1030.00        273.4        -3.80         5.30
1032.00        273.4        -3.80         5.30
1034.00        273.4        -3.80         5.30
1036.00        273.4        -3.80         5.30
1038.00        273.4        -3.80         5.30
1040.00        273.4        -3.80         5.30
1042.00        273.4        -3.80         5.30
1044.00        273.4        -3.80         5.30
1046.00        273.4        -3.80         5.30
1048.00        273.2        -3.80         5.30
1050.00        273.2        -3.80         5.30
1052.00        273.2        -3.80         5.30
1054.00        273.1        -3.80         5.30
1056.00        273.2        -3.80         5.30
1058.00        273.2        -3.80         5.30
1060.00        273.1        -3.80         5.30
1062.00        273.1        -3.80         5.30
1064.00        273          -3.80         5.30
1066.00        272.4        -3.80         5.30
1068.00        272.2        -3.80         5.30
1070.00        272.1        -3.80         5.30
1072.00        272          -3.80         5.30
1074.00        272          -3.80         5.30
1076.00        271.4        -3.80         5.30
1078.00        271.3        -3.80         5.30
1080.00        271.1        -3.80         5.30
1082.00        271          -3.80         5.30
1084.00        270.9        -3.80         5.30
1086.00        270.8        -3.80         5.30
1088.00        270.6        -3.80         5.30
1090.00        270.4        -3.80         5.30
1092.00        270.3        -3.80         5.30
1094.00        270.2        -3.80         5.30
1096.00        270          -3.80         5.30
1098.00        269.9        -3.80         5.30
1100.00        269.8        -3.80         5.30
1102.00        269.6        -3.80         5.30
1104.00        269.4        -3.80         5.30
1106.00        269.3        -3.80         5.30
1108.00        269          -3.80         5.30
1110.00        268.9        -3.80         5.30
1112.00        268.7        -3.80         5.30
1114.00        268.5        -3.80         5.30
1116.00        268.3        -3.80         5.30
1118.00        268.2        -3.80         5.30
1120.00        268.1        -3.80         5.30
1122.00        267.8        -3.80         5.30
1124.00        267.5        -3.80         5.30
1126.00        267.4        -3.80         5.40
1128.00        267.2        -3.80         5.40
1130.00        267.1        -3.80         5.40
1132.00        266.8        -3.80         5.30
1134.00        266.7        -3.80         5.40
1136.00        266.4        -3.80         5.30
1138.00        266.3        -3.80         5.40
1140.00        266          -3.80         5.40
1142.00        265.8        -3.80         5.30
1144.00        265.6        -3.80         5.30
1146.00        265.5        -3.80         5.40
1148.00        265.2        -3.80         5.40
1150.00        265          -3.80         5.40
1152.00        264.7        -3.80         5.30
1154.00        264.6        -3.80         5.40
1156.00        264.4        -3.80         5.40
1158.00        264.1        -3.80         5.40
1160.00        263.9        -3.80         5.40
1162.00        263.8        -3.80         5.40
1164.00        263.5        -3.80         5.40
1166.00        263.4        -3.80         5.40
1168.00        263.1        -3.80         5.40
1170.00        262.8        -3.80         5.40
1172.00        262.5        -3.80         5.40
1174.00        262.4        -3.80         5.40
1176.00        262.2        -3.80         5.40
1178.00        262          -3.80         5.40
1180.00        261.7        -3.80         5.40
1182.00        261.5        -3.80         5.40
1184.00        261.4        -3.80         5.40
1186.00        261.2        -3.80         5.40
1188.00        260.9        -3.80         5.40
1190.00        260.7        -3.80         5.40
1192.00        260.4        -3.80         5.40
1194.00        260.3        -3.80         5.40
1196.00        260.1        -3.80         5.40
1198.00        259.8        -3.80         5.40
1200.00        259.5        -3.80         5.40
1202.00        259.2        -3.80         5.40
1204.00        259.1        -3.80         5.40
1206.00        258.8        -3.80         5.40
1208.00        258.5        -3.80         5.40
1210.00        258.4        -3.80         5.40
1212.00        258.1        -3.80         5.40
1214.00        257.9        -3.80         5.40
1216.00        257.6        -3.80         5.40
1218.00        257.3        -3.80         5.40
1220.00        257.1        -3.80         5.40
1222.00        256.9        -3.80         5.40
1224.00        256.6        -3.80         5.40
1226.00        256.5        -3.80         5.40
1228.00        256.2        -3.80         5.40
1230.00        255.9        -3.80         5.40
1232.00        255.7        -3.80         5.40
1234.00        255.5        -3.80         5.40
1236.00        255.2        -3.80         5.40
1238.00        254.9        -3.80         5.40
1240.00        254.7        -3.80         5.40
1242.00        254.4        -3.80         5.40
1244.00        254.3        -3.80         5.40
1246.00        254          -3.80         5.40
1248.00        253.7        -3.80         5.40
1250.00        253.5        -3.80         5.40
1252.00        253.2        -3.80         5.40
1254.00        253          -3.80         5.40
1256.00        252.7        -3.80         5.40
1258.00        252.5        -3.80         5.40
1260.00        252.2        -3.80         5.40
1262.00        252.1        -3.80         5.40
1264.00        251.8        -3.80         5.40
1266.00        251.5        -3.80         5.40
1268.00        251.3        -3.80         5.40
1270.00        251          -3.80         5.40
1272.00        250.6        -3.80         5.40
1274.00        250.4        -3.80         5.40
1276.00        250.3        -3.80         5.40
1278.00        250          -3.80         5.40
1280.00        249.7        -3.80         5.40
1282.00        249.4        -3.80         5.40
1284.00        249.2        -3.80         5.40
1286.00        248.9        -3.80         5.40
1288.00        248.6        -3.80         5.40
1290.00        248.4        -3.80         5.40
1292.00        248.2        -3.80         5.40
1294.00        247.9        -3.80         5.40
1296.00        247.8        -3.80         5.40
1298.00        247.5        -3.80         5.40
1300.00        247.2        -3.80         5.40
1302.00        247          -3.80         5.40
1304.00        246.8        -3.80         5.50
1306.00        246.6        -3.80         5.40
1308.00        246.2        -3.80         5.50
1310.00        246          -3.80         5.50
1312.00        245.7        -3.80         5.40
1314.00        245.5        -3.80         5.50
1316.00        245.3        -3.80         5.50
1318.00        245          -3.80         5.40
1320.00        244.8        -3.80         5.40
1322.00        244.5        -3.80         5.40
1324.00        244.2        -3.80         5.40
1326.00        244          -3.80         5.40
1328.00        243.8        -3.80         5.40
1330.00        243.5        -3.80         5.50
1332.00        243.4        -3.80         5.50
1334.00        243.1        -3.80         5.40
1336.00        242.8        -3.80         5.50
1338.00        242.6        -3.80         5.50
1340.00        242.2        -3.80         5.50
1342.00        242          -3.80         5.50
1344.00        241.6        -3.80         5.50
1346.00        241.5        -3.80         5.50
1348.00        241.3        -3.80         5.50
1350.00        241          -3.80         5.50
1352.00        240.6        -3.80         5.50
1354.00        240.4        -3.80         5.50
1356.00        240.1        -3.80         5.50
1358.00        240          -3.80         5.50
1360.00        239.9        -3.80         5.50
1362.00        239.5        -3.80         5.50
1364.00        239.3        -3.80         5.50
1366.00        239          -3.80         5.50
1368.00        238.8        -3.80         5.50
1370.00        238.4        -3.80         5.50
1372.00        238.2        -3.80         5.50
1374.00        238.1        -3.80         5.50
1376.00        237.8        -3.80         5.50
1378.00        237.7        -3.80         5.50
1380.00        237.3        -3.80         5.50
1382.00        237.1        -3.80         5.50
1384.00        236.8        -3.80         5.50
1386.00        236.6        -3.80         5.50
1388.00        236.2        -3.80         5.50
1390.00        236.1        -3.80         5.50
1392.00        235.9        -3.80         5.50
1394.00        235.6        -3.80         5.50
1396.00        235.3        -3.80         5.50
1398.00        235          -3.80         5.50
1400.00        234.9        -3.80         5.50
1402.00        234.6        -3.80         5.50
1404.00        234.4        -3.80         5.50
1406.00        234          -3.80         5.50
1408.00        233.8        -3.80         5.50
1410.00        233.6        -3.80         5.50
1412.00        233.4        -3.80         5.50
1414.00        233.4        -3.80         5.50
1416.00        233          -3.80         5.50
1418.00        232.8        -3.80         5.50
1420.00        232.5        -3.80         5.50
1422.00        232.3        -3.80         5.50
1424.00        231.9        -3.80         5.50
1426.00        231.7        -3.80         5.50
1428.00        231.7        -3.80         5.50
1430.00        231.3        -3.80         5.50
1432.00        231.2        -3.80         5.50
1434.00        230.8        -3.80         5.50
1436.00        230.6        -3.80         5.50
1438.00        230.3        -3.80         5.50
1440.00        230.1        -3.80         5.50
1442.00        229.8        -3.80         5.50
1444.00        229.6        -3.80         5.50
1446.00        229.3        -3.80         5.50
1448.00        229.1        -3.80         5.50
1450.00        228.7        -3.80         5.50
1452.00        228.6        -3.80         5.50
1454.00        228.4        -3.80         5.50
1456.00        228.2        -3.80         5.50
1458.00        228          -3.80         5.50
1460.00        227.6        -3.80         5.50
1462.00        227.4        -3.80         5.50
1464.00        227.3        -3.80         5.50
1466.00        227          -3.80         5.50
1468.00        226.8        -3.80         5.50
1470.00        226.5        -3.80         5.50
1472.00        226.3        -3.80         5.50
1474.00        226.2        -3.90         5.50
1476.00        225.9        -3.80         5.50
1478.00        225.7        -3.90         5.60
1480.00        225.3        -3.80         5.50
1482.00        225.2        -3.80         5.50
1484.00        224.9        -3.80         5.60
1486.00        224.7        -3.80         5.60
1488.00        224.6        -3.90         5.60
1490.00        224.2        -3.80         5.50
1492.00        224          -3.80         5.50
1494.00        223.7        -3.90         5.60
1496.00        223.6        -3.80         5.50
1498.00        223.2        -3.80         5.60
1500.00        223          -3.80         5.60
1502.00        222.8        -3.90         5.50
1504.00        222.3        -3.80         5.50
1506.00        222.1        -3.80         5.60
1508.00        221.8        -3.80         5.60
1510.00        221.6        -3.90         5.60
1512.00        221.4        -3.80         5.50
1514.00        221          -3.80         5.60
1516.00        220.8        -3.90         5.50
1518.00        220.3        -3.80         5.50
1520.00        220.1        -3.80         5.50
1522.00        219.7        -3.80         5.60
1524.00        219.6        -3.80         5.60
1526.00        219.3        -3.90         5.60
1528.00        219          -3.90         5.60
1530.00        218.7        -3.80         5.60
1532.00        218.3        -3.90         5.60
1534.00        218.2        -3.90         5.60
1536.00        217.9        -3.90         5.60
1538.00        217.6        -3.90         5.60
1540.00        217.3        -3.90         5.60
1542.00        216.9        -3.90         5.60
1544.00        216.8        -3.90         5.60
1546.00        216.5        -3.90         5.60
1548.00        216.2        -3.90         5.60
1550.00        216          -3.90         5.60
1552.00        215.8        -3.90         5.60
1554.00        215.4        -3.90         5.60
1556.00        215          -3.90         5.60
1558.00        214.8        -3.90         5.60
1560.00        214.6        -3.90         5.60
1562.00        214.2        -3.90         5.60
1564.00        214          -3.90         5.60
1566.00        213.9        -3.90         5.60
1568.00        213.5        -3.90         5.60
1570.00        213.2        -3.90         5.60
1572.00        212.9        -3.90         5.60
1574.00        212.6        -3.90         5.60
1576.00        212.5        -3.90         5.60
1578.00        212.2        -3.90         5.60
1580.00        211.9        -3.90         5.60
1582.00        211.5        -3.90         5.60
1584.00        211.4        -3.90         5.60
1586.00        211          -3.90         5.60
1588.00        210.6        -3.90         5.60
1590.00        210.4        -3.90         5.60
1592.00        210.3        -3.90         5.60
1594.00        209.9        -3.90         5.60
1596.00        209.7        -3.90         5.60
1598.00        209.3        -3.90         5.60
1600.00        209.1        -3.90         5.60
1602.00        208.9        -3.90         5.60
1604.00        208.6        -3.90         5.60
1606.00        208.4        -3.90         5.60
1608.00        207.9        -3.90         5.60
1610.00        207.8        -3.90         5.60
1612.00        207.5        -3.90         5.60
1614.00        207.1        -3.90         5.60
1616.00        207          -3.90         5.60
1618.00        206.8        -3.90         5.60
1620.00        206.4        -3.90         5.60
1622.00        206.3        -3.90         5.60
1624.00        205.9        -3.90         5.60
1626.00        205.7        -3.90         5.60
1628.00        205.4        -3.90         5.60
1630.00        205          -3.90         5.60
1632.00        205          -3.90         5.60
1634.00        204.8        -3.90         5.60
1636.00        204.3        -3.90         5.60
1638.00        204.2        -3.90         5.60
1640.00        204.1        -3.90         5.60
1642.00        203.6        -3.90         5.60
1644.00        203.5        -3.90         5.60
1646.00        203.1        -3.90         5.60
1648.00        202.9        -3.90         5.60
1650.00        202.7        -3.90         5.60
1652.00        202.3        -3.90         5.60
1654.00        202.1        -3.90         5.60
1656.00        201.7        -3.90         5.60
1658.00        201.7        -3.90         5.70
1660.00        201.4        -3.90         5.70
1662.00        201.3        -3.90         5.70
1664.00        200.9        -3.90         5.60
1666.00        200.7        -3.90         5.70
1668.00        200.3        -3.90         5.60
1670.00        200.2        -3.90         5.60
1672.00        200          -3.90         5.70
1674.00        199.6        -3.90         5.70
1676.00        199.5        -3.90         5.60
1678.00        199.2        -3.90         5.70
1680.00        198.8        -3.90         5.60
1682.00        198.6        -3.90         5.60
1684.00        198.5        -3.90         5.60
1686.00        198.1        -3.90         5.70
1688.00        198          -3.90         5.70
1690.00        197.8        -3.90         5.70
1692.00        197.4        -3.90         5.70
1694.00        197.3        -3.90         5.70
1696.00        196.8        -3.90         5.70
1698.00        196.7        -3.90         5.60
1700.00        196.6        -3.90         5.70
1702.00        196.4        -3.90         5.70
1704.00        196          -3.90         5.70
1706.00        195.7        -3.90         5.70
1708.00        195.5        -3.90         5.70
1710.00        195.3        -3.90         5.70
1712.00        195.2        -3.90         5.70
1714.00        194.8        -3.90         5.70
1716.00        194.5        -3.90         5.70
1718.00        194.3        -3.90         5.70
1720.00        194.1        -3.90         5.70
1722.00        193.9        -3.90         5.70
1724.00        193.5        -3.90         5.70
1726.00        193.4        -3.90         5.70
1728.00        193.2        -3.90         5.70
1730.00        192.8        -3.90         5.70
1732.00        192.7        -3.90         5.70
1734.00        192.4        -3.90         5.70
1736.00        192.4        -3.90         5.70
1738.00        192          -3.90         5.70
1740.00        191.9        -3.90         5.70
1742.00        191.5        -3.90         5.70
1744.00        191.4        -3.90         5.70
1746.00        191.1        -3.90         5.70
1748.00        190.8        -3.90         5.70
1750.00        190.7        -3.90         5.70
1752.00        190.6        -3.90         5.70
1754.00        190.1        -3.90         5.70
1756.00        190          -3.90         5.70
1758.00        189.7        -3.90         5.70
1760.00        189.4        -3.90         5.70
1762.00        189.3        -3.90         5.70
1764.00        189.2        -3.90         5.70
1766.00        189          -3.90         5.70
1768.00        188.6        -3.90         5.70
1770.00        188.5        -3.90         5.70
1772.00        188.1        -3.90         5.70
1774.00        187.9        -3.90         5.70
1776.00        187.8        -3.90         5.70
1778.00        187.6        -3.90         5.70
1780.00        187.2        -3.90         5.70
1782.00        187          -3.90         5.70
1784.00        186.8        -3.90         5.70
1786.00        186.4        -3.90         5.70
1788.00        186.3        -3.90         5.70
1790.00        186.2        -3.90         5.70
1792.00        185.9        -3.90         5.70
1794.00        185.6        -3.90         5.70
1796.00        185.5        -3.90         5.70
1798.00        185.2        -3.90         5.70
1800.00        184.9        -3.90         5.70
1802.00        184.9        -3.90         5.70
1804.00        184.5        -3.90         5.70
1806.00        184.3        -3.90         5.70
1808.00        184.2        -3.90         5.70
1810.00        183.8        -3.90         5.70
1812.00        183.7        -3.90         5.70
1814.00        183.5        -3.90         5.70
1816.00        183.1        -3.90         5.70
1818.00        183          -3.90         5.70
1820.00        182.9        -3.90         5.70
1822.00        182.8        -3.90         5.70
1824.00        182.4        -4.00         5.70
1826.00        182.2        -3.90         5.70
1828.00        182.1        -3.90         5.70
1830.00        181.8        -3.90         5.80
1832.00        181.7        -3.90         5.80
1834.00        181.4        -4.00         5.80
1836.00        181.1        -3.90         5.70
1838.00        181          -3.90         5.80
1840.00        180.8        -3.90         5.70
1842.00        180.7        -3.90         5.80
1844.00        180.3        -3.90         5.80
1846.00        180.1        -4.00         5.80
1848.00        180          -4.00         5.80
1850.00        179.6        -3.90         5.70
1852.00        179.5        -4.00         5.80
1854.00        179.3        -3.90         5.80
1856.00        179          -3.90         5.80
1858.00        178.9        -3.90         5.80
1860.00        178.6        -3.90         5.80
1862.00        178.3        -3.90         5.80
1864.00        178.2        -3.90         5.80
1866.00        178.1        -3.90         5.80
1868.00        177.9        -4.00         5.80
1870.00        177.6        -4.00         5.80
1872.00        177.4        -4.00         5.80
1874.00        177.2        -4.00         5.80
1876.00        177          -3.90         5.80
1878.00        176.8        -4.00         5.80
1880.00        176.7        -4.00         5.80
1882.00        176.3        -4.00         5.80
1884.00        176.1        -4.00         5.80
1886.00        176          -4.00         5.80
1888.00        175.8        -4.00         5.80
1890.00        175.6        -4.00         5.80
1892.00        175.4        -3.90         5.80
1894.00        175.2        -4.00         5.80
1896.00        174.9        -4.00         5.80
1898.00        174.7        -4.00         5.80
1900.00        174.6        -4.00         5.80
1902.00        174.2        -4.00         5.80
1904.00        174          -4.00         5.80
1906.00        173.9        -4.00         5.80
1908.00        173.8        -4.00         5.80
1910.00        173.5        -4.00         5.80
1912.00        173.3        -4.00         5.80
1914.00        173.2        -4.00         5.80
1916.00        173.1        -4.00         5.80
1918.00        172.7        -4.00         5.80
1920.00        172.5        -4.00         5.80
1922.00        172.2        -4.00         5.80
1924.00        172.1        -4.00         5.80
1926.00        172          -4.00         5.80
1928.00        171.5        -4.00         5.80
1930.00        171.4        -4.00         5.80
1932.00        171.4        -4.00         5.80
1934.00        171.1        -4.00         5.80
1936.00        171.1        -4.00         5.80
1938.00        170.7        -4.00         5.80
1940.00        170.6        -4.00         5.80
1942.00        170.4        -4.00         5.80
1944.00        170.2        -4.00         5.90
1946.00        169.9        -4.00         5.80
1948.00        169.7        -4.00         5.90
1950.00        169.5        -4.00         5.90
1952.00        169.3        -4.00         5.90
1954.00        169.2        -4.00         5.90
1956.00        169          -4.00         5.90
1958.00        168.8        -4.00         5.90
1960.00        168.6        -4.00         5.90
1962.00        168.5        -4.00         5.90
1964.00        168.3        -4.00         5.90
1966.00        167.9        -4.00         5.90
1968.00        167.8        -4.00         5.90
1970.00        167.8        -4.00         5.90
1972.00        167.7        -4.00         5.90
1974.00        167.2        -4.00         5.90
1976.00        167.1        -4.00         5.90
1978.00        167          -4.00         5.90
1980.00        166.7        -4.00         5.90
1982.00        166.5        -4.00         5.90
1984.00        166.4        -4.00         5.90
1986.00        166.3        -4.00         5.90
1988.00        166          -4.00         5.90
1990.00        165.9        -4.10         5.90
1992.00        165.7        -4.10         5.90
1994.00        165.3        -4.10         5.90
1996.00        165.3        -4.00         5.90
1998.00        165          -4.10         5.90
2000.00        164.9        -4.00         5.90
2002.00        164.6        -4.00         6.00
2004.00        164.5        -4.10         6.00
2006.00        164.3        -4.10         6.00
2008.00        164.2        -4.10         6.00
2010.00        163.9        -4.10         6.00
2012.00        163.8        -4.10         6.00
2014.00        163.6        -4.10         6.00
2016.00        163.5        -4.10         6.00
2018.00        163.2        -4.10         6.00
2020.00        163.1        -4.10         6.00
2022.00        162.9        -4.10         6.00
2024.00        162.8        -4.10         6.00
2026.00        162.5        -4.10         6.00
2028.00        162.4        -4.10         6.00
2030.00        162.2        -4.10         6.10
2032.00        162.1        -4.10         6.00
2034.00        161.8        -4.10         6.10
2036.00        161.7        -4.10         6.10
2038.00        161.4        -4.10         6.10
2040.00        161.3        -4.20         6.10
2042.00        161          -4.10         6.10
2044.00        160.8        -4.20         6.10
2046.00        160.8        -4.20         6.10
2048.00        160.6        -4.20         6.10
2050.00        160.3        -4.20         6.10
2052.00        160.2        -4.20         6.20
2054.00        160.1        -4.20         6.20
2056.00        159.9        -4.20         6.20
2058.00        159.6        -4.20         6.20
2060.00        159.5        -4.20         6.20
2062.00        159.4        -4.20         6.20
2064.00        159.2        -4.20         6.20
2066.00        159          -4.20         6.30
2068.00        158.8        -4.20         6.30
2070.00        158.7        -4.20         6.30
2072.00        158.5        -4.20         6.30
2074.00        158.3        -4.30         6.30
2076.00        158.1        -4.30         6.30
2078.00        158          -4.30         6.30
2080.00        157.8        -4.30         6.40
2082.00        157.6        -4.30         6.40
2084.00        157.4        -4.30         6.40
2086.00        157.3        -4.30         6.40
2088.00        157.1        -4.40         6.40
2090.00        156.9        -4.40         6.40
2092.00        156.7        -4.40         6.50
2094.00        156.6        -4.40         6.50
2096.00        156.5        -4.40         6.50
2098.00        156.2        -4.40         6.50
2100.00        156          -4.40         6.60
2102.00        155.9        -4.40         6.60
2104.00        155.9        -4.40         6.60
2106.00        155.6        -4.50         6.60
2108.00        155.4        -4.50         6.60
2110.00        155.3        -4.50         6.60
2112.00        155.2        -4.50         6.70
2114.00        154.8        -4.50         6.70
2116.00        154.6        -4.50         6.70
2118.00        154.5        -4.50         6.70
2120.00        154.4        -4.60         6.80
2122.00        154.1        -4.60         6.80
2124.00        154.1        -4.60         6.80
2126.00        154          -4.60         6.90
2128.00        153.7        -4.60         6.90
2130.00        153.4        -4.60         6.90
2132.00        153.3        -4.70         6.90
2134.00        153.1        -4.70         7.00
2136.00        153.1        -4.70         7.00
2138.00        153          -4.70         7.00
2140.00        152.7        -4.70         7.10
2142.00        152.6        -4.70         7.10
2144.00        152.4        -4.70         7.10
2146.00        152.4        -4.80         7.20
2148.00        152.1        -4.80         7.20
2150.00        152          -4.80         7.20
2152.00        151.8        -4.80         7.30
2154.00        151.7        -4.90         7.30
2156.00        151.4        -4.90         7.30
2158.00        151.3        -4.90         7.40
2160.00        151.1        -4.90         7.40
2162.00        150.9        -5.00         7.50
2164.00        150.9        -5.00         7.50
2166.00        150.7        -5.00         7.60
2168.00        150.6        -5.00         7.60
2170.00        150.4        -5.10         7.70
2172.00        150.2        -5.10         7.70
2174.00        150          -5.10         7.80
2176.00        149.9        -5.10         7.80
2178.00        149.8        -5.20         7.80
2180.00        149.5        -5.20         7.90
2182.00        149.3        -5.20         8.00
2184.00        149.2        -5.30         8.00
2186.00        149.2        -5.30         8.10
2188.00        149.1        -5.30         8.10
2190.00        148.8        -5.40         8.10
2192.00        148.6        -5.40         8.20
2194.00        148.5        -5.40         8.30
2196.00        148.4        -5.40         8.30
2198.00        148.1        -5.50         8.40
2200.00        147.9        -5.50         8.40
2202.00        147.8        -5.50         8.50
2204.00        147.8        -5.60         8.60
2206.00        147.7        -5.60         8.60
2208.00        147.4        -5.70         8.70
2210.00        147.3        -5.70         8.70
2212.00        147.1        -5.70         8.80
2214.00        147          -5.80         8.90
2216.00        146.7        -5.80         8.90
2218.00        146.6        -5.80         9.00
2220.00        146.4        -5.90         9.00
2222.00        146.4        -5.90         9.10
2224.00        146.3        -6.00         9.20
2226.00        146          -6.00         9.20
2228.00        145.9        -6.00         9.30
2230.00        145.7        -6.00         9.30
2232.00        145.6        -6.10         9.40
2234.00        145.6        -6.10         9.40
2236.00        145.2        -6.10         9.50
2238.00        145          -6.20         9.50
2240.00        145          -6.20         9.50
2242.00        144.9        -6.20         9.60
2244.00        144.6        -6.20         9.60
2246.00        144.5        -6.20         9.60
2248.00        144.5        -6.20         9.60
2250.00        144.2        -6.20         9.70
2252.00        144.2        -6.20         9.70
2254.00        143.9        -6.20         9.70
2256.00        143.8        -6.30         9.70
2258.00        143.6        -6.30         9.70
2260.00        143.5        -6.30         9.70
2262.00        143.2        -6.30         9.70
2264.00        143.1        -6.30         9.70
2266.00        143.1        -6.30         9.70
2268.00        143          -6.30         9.70
2270.00        142.8        -6.30         9.80
2272.00        142.5        -6.30         9.80
2274.00        142.4        -6.30         9.80
2276.00        142.4        -6.30         9.80
2278.00        142.3        -6.30         9.80
2280.00        142.1        -6.30         9.80
2282.00        141.8        -6.40         9.80
2284.00        141.7        -6.30         9.80
2286.00        141.6        -6.40         9.80
2288.00        141.6        -6.40         9.90
2290.00        141.4        -6.40         9.90
2292.00        141.1        -6.40         9.90
2294.00        141          -6.40         9.90
2296.00        140.9        -6.40         9.90
2298.00        140.9        -6.40         9.90
2300.00        140.7        -6.40         9.90
2302.00        140.5        -6.40         9.90
2304.00        140.5        -6.40         10.00
2306.00        140.3        -6.40         10.00
2308.00        140.2        -6.40         10.00
2310.00        140          -6.40         10.00
2312.00        139.8        -6.40         10.00
2314.00        139.6        -6.50         10.00
2316.00        139.5        -6.50         10.00
2318.00        139.5        -6.50         10.00
2320.00        139.3        -6.50         10.10
2322.00        139.1        -6.50         10.10
2324.00        138.9        -6.50         10.10
2326.00        138.8        -6.50         10.10
2328.00        138.6        -6.50         10.10
2330.00        138.6        -6.50         10.10
2332.00        138.4        -6.50         10.10
2334.00        138.2        -6.50         10.10
2336.00        138.1        -6.60         10.10
2338.00        138          -6.50         10.20
2340.00        138          -6.50         10.10
2342.00        137.8        -6.60         10.20
2344.00        137.6        -6.60         10.20
2346.00        137.5        -6.60         10.20
2348.00        137.5        -6.60         10.20
2350.00        137.4        -6.50         10.20
2352.00        137.1        -6.60         10.20
2354.00        136.9        -6.60         10.20
2356.00        136.9        -6.60         10.20
2358.00        136.8        -6.60         10.20
2360.00        136.7        -6.60         10.20
2362.00        136.4        -6.60         10.20
2364.00        136.1        -6.60         10.20
2366.00        136.1        -6.60         10.20
2368.00        136          -6.60         10.20
2370.00        135.9        -6.60         10.20
2372.00        135.9        -6.60         10.20
2374.00        135.6        -6.60         10.20
2376.00        135.5        -6.60         10.20
2378.00        135.3        -6.60         10.20
2380.00        135.2        -6.60         10.20
2382.00        135.2        -6.60         10.20
2384.00        134.9        -6.60         10.20
2386.00        134.8        -6.60         10.20
2388.00        134.6        -6.60         10.20
2390.00        134.6        -6.60         10.20
2392.00        134.5        -6.60         10.20
2394.00        134.2        -6.70         10.20
2396.00        134.2        -6.60         10.20
2398.00        134.1        -6.60         10.20
2400.00        133.9        -6.60         10.20
2402.00        133.8        -6.60         10.20
2404.00        133.8        -6.60         10.20
2406.00        133.5        -6.60         10.30
2408.00        133.4        -6.60         10.20
2410.00        133.2        -6.60         10.20
2412.00        133.2        -6.60         10.20
2414.00        133.1        -6.60         10.20
2416.00        132.8        -6.60         10.20
2418.00        132.7        -6.60         10.20
2420.00        132.7        -6.60         10.20
2422.00        132.5        -6.60         10.20
2424.00        132.4        -6.60         10.30
2426.00        132.1        -6.60         10.30
2428.00        132.1        -6.60         10.20
2430.00        132          -6.60         10.20
2432.00        131.8        -6.60         10.20
2434.00        131.7        -6.60         10.20
2436.00        131.7        -6.60         10.20
2438.00        131.4        -6.60         10.20
2440.00        131.3        -6.60         10.20
2442.00        131.2        -6.60         10.20
2444.00        131.2        -6.60         10.30
2446.00        131          -6.60         10.30
2448.00        130.7        -6.60         10.20
2450.00        130.6        -6.60         10.30
2452.00        130.6        -6.60         10.20
2454.00        130.5        -6.60         10.30
2456.00        130.3        -6.60         10.30
2458.00        130.3        -6.60         10.30
2460.00        130          -6.60         10.20
2462.00        129.9        -6.70         10.30
2464.00        129.8        -6.60         10.30
2466.00        129.8        -6.70         10.30
2468.00        129.5        -6.60         10.20
2470.00        129.3        -6.60         10.30
2472.00        129.3        -6.60         10.30
2474.00        129.2        -6.60         10.30
2476.00        129.1        -6.60         10.30
2478.00        128.8        -6.60         10.30
2480.00        128.7        -6.60         10.30
2482.00        128.7        -6.60         10.20
2484.00        128.5        -6.60         10.30
2486.00        128.5        -6.70         10.30
2488.00        128.4        -6.60         10.30
2490.00        128.1        -6.60         10.20
2492.00        128          -6.60         10.20
2494.00        128          -6.60         10.20
2496.00        127.8        -6.70         10.20
2498.00        127.7        -6.70         10.30
2500.00        127.7        -6.60         10.30
2502.00        127.4        -6.60         10.30
2504.00        127.3        -6.60         10.20
2506.00        127          -6.70         10.30
2508.00        126.9        -6.60         10.30
2510.00        126.9        -6.70         10.20
2512.00        126.6        -6.70         10.30
2514.00        126.5        -6.60         10.30
2516.00        126.5        -6.70         10.30
2518.00        126.3        -6.60         10.30
2520.00        126.2        -6.70         10.30
2522.00        126.2        -6.60         10.30
2524.00        125.9        -6.60         10.30
2526.00        125.8        -6.70         10.30
2528.00        125.8        -6.70         10.30
2530.00        125.6        -6.60         10.30
2532.00        125.6        -6.70         10.30
2534.00        125.3        -6.70         10.30
2536.00        125.2        -6.60         10.30
2538.00        125.2        -6.70         10.30
2540.00        125          -6.70         10.30
2542.00        124.9        -6.60         10.30
2544.00        124.9        -6.70         10.30
2546.00        124.6        -6.70         10.30
2548.00        124.5        -6.70         10.30
2550.00        124.4        -6.60         10.30
2552.00        124.4        -6.60         10.30
2554.00        124.2        -6.70         10.30
2556.00        123.9        -6.70         10.30
2558.00        123.9        -6.70         10.30
2560.00        123.8        -6.70         10.30
2562.00        123.7        -6.60         10.30
2564.00        123.7        -6.70         10.30
2566.00        123.5        -6.70         10.30
2568.00        123.2        -6.70         10.30
2570.00        123.2        -6.70         10.30
2572.00        123.1        -6.60         10.30
2574.00        123          -6.70         10.30
2576.00        122.8        -6.70         10.30
2578.00        122.8        -6.70         10.30
2580.00        122.5        -6.70         10.30
2582.00        122.4        -6.70         10.30
2584.00        122.3        -6.70         10.30
2586.00        122.3        -6.70         10.30
2588.00        122.1        -6.70         10.30
2590.00        122.1        -6.70         10.30
2592.00        121.9        -6.70         10.30
2594.00        121.7        -6.70         10.30
2596.00        121.6        -6.70         10.30
2598.00        121.6        -6.70         10.30
2600.00        121.4        -6.70         10.30
2602.00        121.2        -6.70         10.30
2604.00        121.2        -6.70         10.30
2606.00        121          -6.70         10.30
2608.00        120.9        -6.60         10.30
2610.00        120.9        -6.70         10.30
2612.00        120.7        -6.60         10.30
2614.00        120.5        -6.70         10.30
2616.00        120.3        -6.70         10.30
2618.00        120.3        -6.70         10.30
2620.00        120.2        -6.70         10.30
2622.00        120          -6.70         10.30
2624.00        120          -6.70         10.30
2626.00        119.8        -6.60         10.30
2628.00        119.8        -6.70         10.30
2630.00        119.6        -6.70         10.30
2632.00        119.5        -6.70         10.30
2634.00        119.5        -6.70         10.30
2636.00        119.5        -6.70         10.30
2638.00        119.2        -6.70         10.30
2640.00        119          -6.70         10.30
2642.00        119          -6.70         10.30
2644.00        118.9        -6.70         10.30
2646.00        118.8        -6.60         10.30
2648.00        118.5        -6.70         10.30
2650.00        118.5        -6.70         10.30
2652.00        118.3        -6.70         10.30
2654.00        118.3        -6.70         10.30
2656.00        118.2        -6.70         10.30
2658.00        118.1        -6.70         10.30
2660.00        118.1        -6.70         10.30
2662.00        117.8        -6.70         10.30
2664.00        117.7        -6.70         10.30
2666.00        117.7        -6.70         10.30
2668.00        117.5        -6.70         10.30
2670.00        117.4        -6.70         10.30
2672.00        117.1        -6.70         10.30
2674.00        117.1        -6.70         10.30
2676.00        117.1        -6.70         10.30
2678.00        117          -6.70         10.30
2680.00        116.8        -6.70         10.30
2682.00        116.7        -6.70         10.30
2684.00        116.7        -6.70         10.30
2686.00        116.4        -6.70         10.30
2688.00        116.3        -6.70         10.30
2690.00        116.3        -6.70         10.30
2692.00        116.1        -6.70         10.30
2694.00        116          -6.70         10.30
2696.00        116          -6.70         10.30
2698.00        115.7        -6.70         10.30
2700.00        115.6        -6.70         10.30
2702.00        115.6        -6.70         10.30
2704.00        115.4        -6.70         10.30
2706.00        115.3        -6.70         10.30
2708.00        115.3        -6.70         10.30
2710.00        115          -6.70         10.30
2712.00        114.9        -6.70         10.30
2714.00        114.9        -6.70         10.30
2716.00        114.9        -6.70         10.30
2718.00        114.7        -6.70         10.30
2720.00        114.6        -6.70         10.30
2722.00        114.6        -6.70         10.30
2724.00        114.3        -6.70         10.30
2726.00        114.2        -6.70         10.30
2728.00        114.2        -6.70         10.30
2730.00        114          -6.70         10.30
2732.00        114          -6.70         10.30
2734.00        113.9        -6.70         10.30
2736.00        113.6        -6.70         10.30
2738.00        113.6        -6.70         10.30
2740.00        113.5        -6.70         10.30
2742.00        113.3        -6.70         10.30
2744.00        113.3        -6.70         10.30
2746.00        113.2        -6.70         10.30
2748.00        113.2        -6.70         10.30
2750.00        112.9        -6.70         10.30
2752.00        112.8        -6.70         10.30
2754.00        112.8        -6.70         10.30
2756.00        112.7        -6.70         10.30
2758.00        112.5        -6.70         10.30
2760.00        112.5        -6.70         10.30
2762.00        112.2        -6.70         10.30
2764.00        112.2        -6.70         10.30
2766.00        112.1        -6.70         10.30
2768.00        112.1        -6.70         10.30
2770.00        112          -6.70         10.30
2772.00        111.8        -6.70         10.30
2774.00        111.5        -6.70         10.30
2776.00        111.5        -6.70         10.30
2778.00        111.4        -6.70         10.30
2780.00        111.4        -6.70         10.30
2782.00        111.3        -6.70         10.30
2784.00        111.3        -6.70         10.30
2786.00        111.1        -6.70         10.30
2788.00        110.9        -6.70         10.30
2790.00        110.7        -6.70         10.30
2792.00        110.7        -6.70         10.30
2794.00        110.7        -6.70         10.30
2796.00        110.6        -6.70         10.30
2798.00        110.4        -6.70         10.30
2800.00        110.4        -6.70         10.30
2802.00        110.2        -6.70         10.30
2804.00        110.2        -6.70         10.30
2806.00        110          -6.70         10.30
2808.00        110          -6.70         10.30
2810.00        109.9        -6.70         10.30
2812.00        109.7        -6.70         10.30
2814.00        109.7        -6.70         10.30
2816.00        109.5        -6.70         10.30
2818.00        109.5        -6.70         10.30
2820.00        109.3        -6.70         10.30
2822.00        109.2        -6.70         10.30
2824.00        109.2        -6.70         10.30
2826.00        109          -6.70         10.30
2828.00        109          -6.70         10.30
2830.00        108.8        -6.70         10.30
2832.00        108.8        -6.70         10.30
2834.00        108.6        -6.70         10.30
2836.00        108.5        -6.70         10.30
2838.00        108.5        -6.70         10.30
2840.00        108.2        -6.70         10.30
2842.00        108.2        -6.70         10.30
2844.00        108.1        -6.70         10.30
2846.00        108.1        -6.70         10.30
2848.00        107.9        -6.70         10.30
2850.00        107.8        -6.70         10.30
2852.00        107.8        -6.70         10.30
2854.00        107.5        -6.70         10.30
2856.00        107.5        -6.70         10.30
2858.00        107.4        -6.70         10.30
2860.00        107.2        -6.70         10.30
2862.00        107.2        -6.70         10.30
2864.00        107.1        -6.70         10.30
2866.00        107.1        -6.70         10.30
2868.00        106.8        -6.70         10.30
2870.00        106.8        -6.70         10.30
2872.00        106.7        -6.70         10.30
2874.00        106.6        -6.70         10.30
2876.00        106.4        -6.70         10.30
2878.00        106.4        -6.70         10.30
2880.00        106.3        -6.70         10.30
2882.00        106.3        -6.70         10.30
2884.00        106          -6.70         10.30
2886.00        106          -6.70         10.30
2888.00        105.9        -6.70         10.30
2890.00        105.8        -6.70         10.30
2892.00        105.8        -6.70         10.30
2894.00        105.6        -6.70         10.30
2896.00        105.6        -6.70         10.30
2898.00        105.3        -6.70         10.30
2900.00        105.3        -6.70         10.30
2902.00        105.2        -6.70         10.30
2904.00        105.2        -6.70         10.30
2906.00        105.1        -6.70         10.30
2908.00        105.1        -6.70         10.30
2910.00        104.9        -6.70         10.30
2912.00        104.6        -6.70         10.30
2914.00        104.6        -6.70         10.30
2916.00        104.5        -6.70         10.30
2918.00        104.5        -6.70         10.30
2920.00        104.4        -6.70         10.30
2922.00        104.4        -6.70         10.30
2924.00        104.2        -6.70         10.30
2926.00        104.2        -6.70         10.30
2928.00        103.9        -6.70         10.30
2930.00        103.9        -6.70         10.30
2932.00        103.8        -6.70         10.30
2934.00        103.8        -6.70         10.30
2936.00        103.7        -6.70         10.30
2938.00        103.7        -6.70         10.30
2940.00        103.5        -6.70         10.30
2942.00        103.5        -6.70         10.30
2944.00        103.3        -6.70         10.30
2946.00        103.3        -6.70         10.30
2948.00        103.1        -6.70         10.30
2950.00        103          -6.70         10.30
2952.00        103          -6.70         10.30
2954.00        102.8        -6.70         10.30
2956.00        102.9        -6.70         10.30
2958.00        102.7        -6.70         10.30
2960.00        102.7        -6.70         10.30
2962.00        102.7        -6.70         10.30
2964.00        102.5        -6.70         10.30
2966.00        102.4        -6.70         10.30
2968.00        102.2        -6.70         10.30
2970.00        102.2        -6.70         10.30
2972.00        102.2        -6.70         10.30
2974.00        102          -6.70         10.30
2976.00        102          -6.70         10.30
2978.00        101.8        -6.70         10.30
2980.00        101.8        -6.70         10.30
2982.00        101.7        -6.70         10.30
2984.00        101.7        -6.70         10.30
2986.00        101.6        -6.70         10.30
2988.00        101.6        -6.70         10.30
2990.00        101.3        -6.70         10.30
2992.00        101.3        -6.70         10.30
2994.00        101.1        -6.70         10.30
2996.00        101          -6.70         10.30
2998.00        101          -6.70         10.30
3000.00        101          -6.70         10.30
3002.00        100.9        -6.70         10.30
3004.00        100.9        -6.70         10.30
3006.00        100.6        -6.70         10.30
3008.00        100.5        -6.70         10.30
3010.00        100.3        -6.70         10.30
3012.00        100.3        -6.70         10.30
3014.00        100.2        -6.70         10.30
3016.00        100.2        -6.70         10.30
3018.00        100.1        -6.70         10.30
3020.00        100.1        -6.70         10.30
3022.00        100.1        -6.70         10.30
3024.00        99.8         -6.70         10.30
3026.00        99.8         -6.70         10.30
3028.00        99.6         -6.70         10.30
3030.00        99.6         -6.70         10.30
