2.00           24.9         84.20         -73.50
4.00           25.1         84.20         -73.50
6.00           25.1         84.20         -73.50
8.00           24.9         84.10         -73.50
10.00          24.9         84.10         -73.50
12.00          24.9         84.10         -73.50
14.00          24.9         84.10         -73.50
16.00          24.9         84.00         -72.70
18.00          24.9         83.90         -72.60
20.00          24.9         83.90         -72.70
22.00          24.9         83.80         -73.10
24.00          25.1         84.20         -73.60
26.00          25.1         84.20         -73.60
28.00          24.9         84.30         -73.60
30.00          25.1         84.30         -73.60
32.00          25.1         84.30         -73.60
34.00          25.1         84.30         -73.70
36.00          24.9         84.30         -73.70
38.00          24.9         84.30         -73.70
40.00          25.1         84.40         -73.70
42.00          25.1         84.30         -73.70
44.00          25.2         84.40         -73.70
46.00          25.2         84.40         -73.70
48.00          25.2         84.40         -73.70
50.00          25.2         84.30         -72.80
52.00          25.2         84.20         -72.90
54.00          25.2         84.10         -72.90
56.00          25.5         84.10         -72.90
58.00          25.5         84.10         -73.00
60.00          25.5         84.10         -73.00
62.00          25.5         84.00         -73.10
64.00          25.6         84.10         -73.20
66.00          25.6         84.10         -73.20
68.00          25.6         84.10         -73.30
70.00          25.6         84.10         -73.30
72.00          25.8         84.20         -73.40
74.00          26           84.20         -73.50
76.00          26           84.30         -73.50
78.00          26           84.30         -73.60
80.00          26.2         84.50         -73.70
82.00          26.2         84.50         -73.80
84.00          26.5         84.60         -73.80
86.00          26.5         84.60         -73.90
88.00          26.7         84.70         -74.00
90.00          26.9         84.80         -74.00
92.00          27           84.80         -74.10
94.00          27.2         84.90         -74.20
96.00          27.4         84.90         -74.20
98.00          27.7         85.00         -74.30
100.00         28           85.10         -74.40
102.00         28.1         85.20         -74.40
104.00         28.4         85.20         -74.50
106.00         28.8         85.30         -74.60
108.00         29           85.40         -74.60
110.00         29.4         85.50         -74.70
112.00         29.5         85.50         -74.70
114.00         30.1         85.70         -74.80
116.00         30.2         85.70         -74.90
118.00         30.8         85.90         -74.90
120.00         31.2         85.90         -74.90
122.00         31.5         86.00         -75.00
124.00         32           86.10         -75.10
126.00         32.1         86.20         -75.10
128.00         32.7         86.30         -75.10
130.00         33.1         86.40         -75.10
132.00         33.7         86.50         -75.20
134.00         34           86.60         -75.30
136.00         34.5         86.70         -75.30
138.00         35.2         86.80         -75.40
140.00         35.7         86.80         -75.40
142.00         36           86.90         -75.40
144.00         36.4         87.00         -75.40
146.00         37           87.00         -75.40
148.00         37.2         87.10         -75.50
150.00         37.7         87.10         -75.50
152.00         38.4         87.20         -75.50
154.00         38.9         87.30         -75.50
156.00         39.2         87.40         -75.60
158.00         39.9         87.50         -75.60
160.00         40.3         87.60         -75.60
162.00         40.9         87.70         -75.60
164.00         41.1         87.70         -75.60
166.00         41.7         87.60         -75.60
168.00         42.1         87.70         -75.60
170.00         42.8         87.70         -75.60
172.00         43.1         87.70         -75.60
174.00         43.6         87.80         -75.60
176.00         44.2         87.80         -75.60
178.00         44.8         87.90         -75.60
180.00         45.4         87.90         -75.60
182.00         45.7         87.80         -75.60
184.00         46.2         87.90         -75.60
186.00         46.6         87.90         -75.60
188.00         47.1         88.00         -75.60
190.00         47.9         88.00         -75.60
192.00         48.2         88.00         -75.60
194.00         48.7         88.00         -75.60
196.00         49.1         87.90         -75.50
198.00         49.8         87.90         -75.50
200.00         50.3         88.00         -75.60
202.00         50.8         88.00         -75.60
204.00         51.1         88.00         -75.50
206.00         51.5         88.00         -75.60
208.00         52.1         88.00         -75.60
210.00         52.6         88.00         -75.50
212.00         53.2         87.90         -75.50
214.00         53.7         87.90         -75.50
216.00         54.3         87.80         -75.50
218.00         54.7         87.80         -75.50
220.00         55.1         87.80         -75.40
222.00         55.7         87.70         -75.40
224.00         55.9         87.60         -75.40
226.00         56.5         87.50         -75.40
228.00         56.9         87.40         -75.40
230.00         57.6         87.40         -75.40
232.00         58.2         87.30         -75.30
234.00         58.4         87.10         -75.30
236.00         59.1         87.00         -75.30
238.00         59.7         86.90         -75.20
240.00         60.1         86.80         -75.20
242.00         60.7         86.60         -75.10
244.00         61.2         86.50         -75.10
246.00         61.6         86.30         -75.00
248.00         62           86.20         -75.00
250.00         62.4         86.20         -75.00
252.00         63           86.10         -75.00
254.00         63.5         85.90         -75.00
256.00         64.1         85.80         -74.90
258.00         64.5         85.60         -74.90
260.00         65.2         85.50         -74.90
262.00         65.5         85.30         -74.80
264.00         66.2         85.20         -74.80
266.00         66.6         85.00         -74.70
268.00         67.1         84.90         -74.70
270.00         67.4         84.70         -74.70
272.00         67.8         84.40         -74.60
274.00         68.5         84.20         -74.50
276.00         68.8         84.10         -74.50
278.00         69.4         84.00         -74.50
280.00         69.9         83.90         -74.50
282.00         70.3         83.80         -74.40
284.00         71           83.70         -74.40
286.00         71.6         83.60         -74.40
288.00         71.9         83.50         -74.40
290.00         72.6         83.40         -74.30
292.00         72.8         83.30         -74.30
294.00         73.1         83.30         -74.30
296.00         73.8         83.10         -74.30
298.00         74.2         82.90         -74.30
300.00         74.9         82.80         -74.20
302.00         75.3         82.70         -74.20
304.00         75.8         82.50         -74.20
306.00         76.3         82.30         -74.20
308.00         76.9         82.20         -74.20
310.00         77.4         82.20         -74.20
312.00         78           82.00         -74.20
314.00         78.4         81.70         -74.10
316.00         78.9         81.50         -74.10
318.00         79.3         81.20         -74.10
320.00         79.9         81.00         -74.00
322.00         80.2         80.80         -74.00
324.00         80.8         80.60         -74.00
326.00         81.4         80.50         -74.00
328.00         82           80.40         -73.90
330.00         82.5         80.00         -73.90
332.00         83.1         79.80         -73.90
334.00         83.3         79.70         -73.80
336.00         83.9         79.50         -73.80
338.00         84.5         79.40         -73.80
340.00         84.7         79.20         -73.80
342.00         85.3         79.10         -73.80
344.00         85.7         78.90         -73.80
346.00         86.3         78.90         -73.70
348.00         86.7         78.70         -73.70
350.00         87.2         78.50         -73.70
352.00         87.8         78.40         -73.70
354.00         88.3         78.20         -73.70
356.00         88.9         78.20         -73.70
358.00         89.5         78.00         -73.60
360.00         89.9         77.90         -73.60
362.00         90.3         77.70         -73.60
364.00         90.8         77.70         -73.60
366.00         91.1         77.50         -73.60
368.00         91.7         77.30         -73.60
370.00         92.1         77.10         -73.50
372.00         92.6         77.00         -73.50
374.00         93.1         76.90         -73.50
376.00         93.6         76.70         -73.40
378.00         94.2         76.60         -73.40
380.00         94.8         76.50         -73.40
382.00         95.2         76.50         -73.40
384.00         95.7         76.40         -73.40
386.00         96.2         76.30         -73.40
388.00         96.8         76.20         -73.30
390.00         97.3         76.10         -73.30
392.00         97.5         76.00         -73.30
394.00         98           75.90         -73.20
396.00         98.6         75.80         -73.20
398.00         99.1         75.70         -73.30
400.00         99.5         75.60         -73.20
402.00         100.1        75.50         -73.20
404.00         100.7        75.40         -73.10
406.00         101.2        75.40         -73.10
408.00         101.8        75.30         -73.10
410.00         102.3        75.20         -73.10
412.00         102.6        75.10         -73.00
414.00         103.2        75.00         -73.00
416.00         103.7        74.90         -72.90
418.00         103.8        74.80         -72.90
420.00         104.4        74.70         -72.90
422.00         105          74.60         -72.80
424.00         105.5        74.50         -72.80
426.00         106.1        74.50         -72.80
428.00         106.5        74.40         -72.70
430.00         107          74.30         -72.70
432.00         107.5        74.30         -72.80
434.00         108          74.10         -72.70
436.00         108.7        74.10         -72.70
438.00         109.3        74.00         -72.70
440.00         109.7        74.00         -72.60
442.00         110.1        73.90         -72.60
444.00         110.4        73.80         -72.60
446.00         110.8        73.80         -72.50
448.00         111.5        73.70         -72.50
450.00         112          73.60         -72.50
452.00         112.5        73.50         -72.40
454.00         113          73.50         -72.30
456.00         113.5        73.40         -72.30
458.00         114.1        73.30         -72.30
460.00         114.6        73.30         -72.20
462.00         115.2        73.20         -72.20
464.00         115.7        73.20         -72.20
466.00         116.2        73.10         -72.10
468.00         116.7        73.00         -72.10
470.00         117          73.00         -72.10
472.00         117.4        72.90         -72.00
474.00         118          72.90         -71.90
476.00         118.5        72.80         -71.90
478.00         119.1        72.80         -71.90
480.00         119.6        72.80         -71.90
482.00         119.9        72.70         -71.90
484.00         120.5        72.70         -71.80
486.00         121          72.60         -71.80
488.00         121.6        72.60         -71.70
490.00         122.1        72.50         -71.70
492.00         122.5        72.50         -71.70
494.00         123          72.50         -71.60
496.00         123.5        72.50         -71.60
498.00         123.8        72.40         -71.60
500.00         124.4        72.40         -71.50
502.00         124.9        72.40         -71.50
504.00         125.5        72.30         -71.50
506.00         125.8        72.30         -71.50
508.00         126.4        72.20         -71.40
510.00         127          72.20         -71.40
512.00         127.5        72.20         -71.40
514.00         128.1        72.20         -71.30
516.00         128.6        72.10         -71.30
518.00         128.9        72.10         -71.30
520.00         129.4        72.10         -71.20
522.00         130          72.10         -71.20
524.00         130.6        72.00         -71.10
526.00         130.7        72.00         -71.10
528.00         131.3        72.00         -71.10
530.00         131.8        72.00         -71.00
532.00         132.4        71.90         -71.00
534.00         132.8        71.90         -71.00
536.00         133.3        71.90         -70.90
538.00         133.8        71.90         -70.90
540.00         134.3        71.90         -70.90
542.00         134.7        71.80         -70.80
544.00         135.3        71.80         -70.90
546.00         135.8        71.80         -70.80
548.00         136.4        71.80         -70.70
550.00         136.9        71.70         -70.70
552.00         137.2        71.70         -70.70
554.00         137.6        71.70         -70.60
556.00         138.2        71.70         -70.70
558.00         138.8        71.70         -70.60
560.00         139.3        71.60         -70.50
562.00         139.7        71.60         -70.60
564.00         140.4        71.60         -70.50
566.00         140.9        71.50         -70.50
568.00         141.2        71.60         -70.40
570.00         141.8        71.50         -70.40
572.00         142.3        71.50         -70.40
574.00         142.9        71.50         -70.30
576.00         143.4        71.50         -70.30
578.00         143.7        71.50         -70.30
580.00         144.3        71.50         -70.20
582.00         144.7        71.40         -70.20
584.00         145          71.40         -70.20
586.00         145.6        71.40         -70.20
588.00         146.2        71.40         -70.10
590.00         146.6        71.30         -70.10
592.00         147.2        71.30         -70.10
594.00         147.7        71.30         -70.00
596.00         148.1        71.30         -70.00
598.00         148.6        71.30         -70.00
600.00         149.3        71.30         -70.00
602.00         149.7        71.30         -70.00
604.00         150.1        71.30         -70.00
606.00         150.6        71.30         -69.90
608.00         151.2        71.30         -69.90
610.00         151.3        71.30         -70.00
612.00         151.9        71.30         -69.90
614.00         152.5        71.30         -69.90
616.00         153.1        71.20         -69.90
618.00         153.7        71.20         -69.90
620.00         153.9        71.20         -69.80
622.00         154.5        71.20         -69.90
624.00         155          71.20         -69.80
626.00         155.6        71.20         -69.80
628.00         155.9        71.20         -69.90
630.00         156.4        71.20         -69.80
632.00         157          71.10         -69.70
634.00         157.5        71.10         -69.80
636.00         158.1        71.10         -69.80
638.00         158.4        71.10         -69.80
640.00         158.8        71.10         -69.80
642.00         159.4        71.10         -69.80
644.00         159.9        71.10         -69.80
646.00         160.3        71.10         -69.90
648.00         160.7        71.10         -69.90
650.00         161.3        71.10         -70.00
652.00         161.8        71.10         -70.10
654.00         162.1        71.00         -70.20
656.00         162.8        71.00         -70.40
658.00         163.2        71.00         -70.60
660.00         163.8        70.90         -71.00
662.00         164.2        70.90         -71.40
664.00         164.6        70.80         -71.80
666.00         165.3        70.70         -72.40
668.00         165.5        70.70         -72.90
670.00         165.9        70.60         -73.20
672.00         166.4        70.50         -73.70
674.00         167          70.50         -74.20
676.00         167.6        70.40         -74.60
678.00         168.1        70.30         -75.30
680.00         168.6        70.20         -76.00
682.00         169          70.10         -76.90
684.00         169.6        69.90         -78.40
686.00         170          69.70         -79.90
688.00         170.6        69.40         -81.70
690.00         171.1        69.10         -84.30
692.00         171.5        68.90         -86.30
694.00         172.2        68.70         -88.10
696.00         172.4        68.40         -90.00
698.00         172.9        68.30         -91.40
700.00         173.5        68.10         -92.60
702.00         173.7        67.90         -94.00
704.00         174.3        67.80         -95.10
706.00         174.9        67.70         -96.00
708.00         175.4        67.50         -97.00
710.00         176          67.40         -97.70
712.00         176.4        67.40         -98.30
714.00         176.8        67.20         -99.10
716.00         177.5        67.20         -99.70
718.00         178          67.10         -100.30
720.00         178.5        67.00         -100.70
722.00         179          66.90         -101.20
724.00         179.5        66.90         -101.60
726.00         180          66.80         -102.10
728.00         180.2        66.70         -102.40
730.00         180.8        66.60         -102.70
732.00         181.3        66.60         -103.00
734.00         181.9        66.50         -103.30
736.00         182.2        66.40         -103.50
738.00         182.6        66.40         -103.70
740.00         183.3        66.40         -104.20
742.00         183.8        66.30         -104.30
744.00         184.4        66.30         -104.50
746.00         184.9        66.20         -104.60
748.00         185.4        66.20         -104.60
750.00         185.9        66.10         -104.70
752.00         186.3        66.10         -104.80
754.00         186.9        66.00         -104.80
756.00         187.3        66.00         -104.90
758.00         187.9        66.00         -104.90
760.00         188.4        65.90         -105.00
762.00         188.8        65.90         -105.00
764.00         189.4        65.80         -105.00
766.00         189.5        65.80         -105.10
768.00         190.1        65.80         -105.10
770.00         190.5        65.70         -105.10
772.00         190.9        65.70         -105.10
774.00         191.5        65.70         -105.20
776.00         191.8        65.60         -105.20
778.00         192.3        65.60         -105.20
780.00         192.8        65.60         -105.20
782.00         193.1        65.50         -105.20
784.00         193.5        65.50         -105.30
786.00         193.9        65.40         -105.30
788.00         194.2        65.40         -105.30
790.00         194.6        65.40         -105.30
792.00         194.9        65.30         -105.30
794.00         195          65.30         -105.30
796.00         195.3        65.30         -105.30
798.00         195.6        65.30         -105.30
800.00         196          65.20         -105.30
802.00         196.3        65.20         -105.40
804.00         196.6        65.20         -105.40
806.00         196.7        65.20         -105.40
808.00         197.1        65.10         -105.40
810.00         197.3        65.10         -105.40
812.00         197.4        65.10         -105.40
814.00         197.8        65.10         -105.40
816.00         198          65.00         -105.40
818.00         198.1        65.00         -105.40
820.00         198.2        65.00         -105.40
822.00         198.5        65.00         -105.40
824.00         198.7        64.90         -105.40
826.00         198.8        64.90         -105.40
828.00         199.1        64.90         -105.40
830.00         199.1        64.90         -105.40
832.00         199.3        64.80         -105.40
834.00         199.4        64.80         -105.40
836.00         199.4        64.80         -105.50
838.00         199.6        64.80         -105.40
840.00         199.9        64.70         -105.40
842.00         199.9        64.70         -105.50
844.00         200          64.70         -105.50
846.00         200          64.70         -105.50
848.00         200.1        64.70         -105.50
850.00         200.1        64.70         -105.50
852.00         200.4        64.70         -105.50
854.00         200.4        64.60         -105.50
856.00         200.4        64.60         -105.50
858.00         200.4        64.60         -105.50
860.00         200.4        64.60         -105.50
862.00         200.6        64.60         -105.50
864.00         200.6        64.60         -105.50
866.00         200.6        64.50         -105.50
868.00         200.6        64.50         -105.50
870.00         200.6        64.50         -105.50
872.00         200.6        64.50         -105.50
874.00         200.6        64.50         -105.50
876.00         200.6        64.50         -105.50
878.00         200.6        64.50         -105.50
880.00         200.6        64.50         -105.50
882.00         200.7        64.40         -105.50
884.00         200.7        64.40         -105.50
886.00         200.5        64.40         -105.50
888.00         200.5        64.40         -105.50
890.00         200.5        64.40         -105.50
892.00         200.5        64.40         -105.50
894.00         200.5        64.40         -105.50
896.00         200.2        64.40         -105.50
898.00         200.2        64.40         -105.50
900.00         200.2        64.40         -105.50
902.00         200.1        64.30         -105.50
904.00         200.1        64.30         -105.50
906.00         200          64.30         -105.50
908.00         200          64.30         -105.50
910.00         200          64.30         -105.50
912.00         199.7        64.30         -105.50
914.00         199.7        64.30         -105.50
916.00         199.5        64.30         -105.50
918.00         199.5        64.30         -105.50
920.00         199.4        64.30         -105.50
922.00         199.3        64.30         -105.50
924.00         199.3        64.20         -105.50
926.00         199.3        64.30         -105.40
928.00         199          64.20         -105.40
930.00         199          64.20         -105.50
932.00         198.9        64.20         -105.40
934.00         198.7        64.20         -105.40
936.00         198.7        64.20         -105.40
938.00         198.4        64.20         -105.40
940.00         198.3        64.20         -105.40
942.00         198.3        64.20         -105.40
944.00         198.2        64.20         -105.40
946.00         198          64.20         -105.40
948.00         198          64.20         -105.40
950.00         197.7        64.20         -105.40
952.00         197.8        64.20         -105.40
954.00         197.6        64.20         -105.40
956.00         197.6        64.20         -105.40
958.00         197.1        64.20         -105.40
960.00         197.1        64.10         -105.40
962.00         197          64.20         -105.40
964.00         196.9        64.10         -105.40
966.00         196.6        64.10         -105.40
968.00         196.6        64.10         -105.40
970.00         196.5        64.10         -105.40
972.00         196.3        64.10         -105.40
974.00         196.2        64.10         -105.40
976.00         195.9        64.10         -105.40
978.00         195.9        64.10         -105.30
980.00         195.6        64.10         -105.30
982.00         195.6        64.10         -105.40
984.00         195.2        64.10         -105.30
986.00         195.2        64.10         -105.30
988.00         195.1        64.10         -105.30
990.00         194.9        64.10         -105.30
992.00         194.6        64.10         -105.30
994.00         194.5        64.10         -105.30
996.00         194.4        64.10         -105.30
998.00         194.2        64.10         -105.30
1000.00        194          64.10         -105.30
1002.00        193.8        64.10         -105.30
1004.00        193.7        64.10         -105.30
1006.00        193.8        64.10         -105.30
1008.00        193.5        64.10         -105.30
1010.00        193.2        64.10         -105.30
1012.00        193.2        64.10         -105.30
1014.00        193.1        64.10         -105.30
1016.00        192.7        64.10         -105.20
1018.00        192.7        64.10         -105.20
1020.00        192.5        64.10         -105.20
1022.00        192.1        64.10         -105.20
1024.00        192.1        64.00         -105.20
1026.00        192          64.00         -105.20
1028.00        191.6        64.00         -105.20
1030.00        191.4        64.00         -105.20
1032.00        191.4        64.00         -105.20
1034.00        191.3        64.00         -105.20
1036.00        190.9        64.00         -105.20
1038.00        190.7        64.00         -105.20
1040.00        190.6        64.00         -105.20
1042.00        190.6        64.00         -105.20
1044.00        190.2        64.00         -105.20
1046.00        190          64.00         -105.20
1048.00        189.9        64.00         -105.20
1050.00        189.6        64.00         -105.20
1052.00        189.3        64.00         -105.10
1054.00        189.3        64.00         -105.10
1056.00        189.1        64.00         -105.10
1058.00        188.8        64.00         -105.10
1060.00        188.6        64.00         -105.10
1062.00        188.6        64.00         -105.10
1064.00        188.4        64.00         -105.10
1066.00        188.1        64.00         -105.10
1068.00        187.7        64.00         -105.10
1070.00        187.7        64.00         -105.10
1072.00        187.5        64.00         -105.10
1074.00        187.1        64.00         -105.10
1076.00        187          64.00         -105.10
1078.00        186.8        64.00         -105.10
1080.00        186.8        64.00         -105.00
1082.00        186.7        64.00         -105.00
1084.00        186.3        64.00         -105.00
1086.00        186.1        64.00         -105.00
1088.00        185.7        64.00         -105.00
1090.00        185.6        64.00         -105.00
1092.00        185.4        64.00         -105.00
1094.00        185.2        64.00         -105.00
1096.00        185          64.00         -105.00
1098.00        184.9        64.00         -105.00
1100.00        184.6        64.00         -105.00
1102.00        184.5        64.00         -105.00
1104.00        184.3        64.00         -105.00
1106.00        183.9        64.00         -105.00
1108.00        183.8        64.00         -104.90
1110.00        183.6        64.00         -104.90
1112.00        183.4        64.00         -104.90
1114.00        183.2        64.00         -104.90
1116.00        183.1        64.00         -104.90
1118.00        182.7        64.00         -104.90
1120.00        182.5        64.00         -104.90
1122.00        182.4        64.00         -104.90
1124.00        182.3        64.00         -104.90
1126.00        182          63.90         -104.90
1128.00        181.7        63.90         -104.90
1130.00        181.4        63.90         -104.90
1132.00        181.3        63.90         -104.90
1134.00        181.1        63.90         -104.90
1136.00        181          64.00         -104.90
1138.00        180.7        63.90         -104.90
1140.00        180.6        63.90         -104.90
1142.00        180.2        64.00         -104.80
1144.00        180          63.90         -104.80
1146.00        180          63.90         -104.80
1148.00        179.9        64.00         -104.80
1150.00        179.6        63.90         -104.80
1152.00        179.4        63.90         -104.80
1154.00        179.3        64.00         -104.80
1156.00        178.9        63.90         -104.80
1158.00        178.7        63.90         -104.80
1160.00        178.6        63.90         -104.80
1162.00        178.2        63.90         -104.80
1164.00        178.1        63.90         -104.70
1166.00        177.6        63.90         -104.70
1168.00        177.6        63.90         -104.70
1170.00        177.5        63.90         -104.70
1172.00        177.1        63.90         -104.70
1174.00        176.9        64.10         -104.70
1176.00        176.8        64.10         -104.70
1178.00        176.7        64.10         -104.60
1180.00        176.4        64.10         -104.60
1182.00        176.1        64.10         -104.60
1184.00        176          64.10         -104.60
1186.00        175.7        64.10         -104.60
1188.00        175.6        64.10         -104.60
1190.00        175.4        64.00         -104.60
1192.00        175.1        64.10         -104.60
1194.00        175          64.10         -104.60
1196.00        174.9        64.10         -104.60
1198.00        174.4        64.10         -104.60
1200.00        174.3        64.10         -104.60
1202.00        174.2        64.10         -104.50
1204.00        174.2        64.10         -104.60
1206.00        173.8        64.10         -104.50
1208.00        173.6        64.10         -104.50
1210.00        173.2        64.10         -104.50
1212.00        173.1        64.10         -104.50
1214.00        172.9        64.10         -104.50
1216.00        172.6        64.10         -104.50
1218.00        172.5        64.10         -104.50
1220.00        172.4        64.10         -104.50
1222.00        172.2        64.10         -104.50
1224.00        171.9        64.10         -104.50
1226.00        171.7        64.10         -104.50
1228.00        171.5        64.10         -104.40
1230.00        171.2        64.10         -104.40
1232.00        170.9        64.10         -104.40
1234.00        170.6        64.10         -104.40
1236.00        170.5        64.10         -104.40
1238.00        170.3        64.10         -104.40
1240.00        170.3        64.10         -104.40
1242.00        169.9        64.10         -104.40
1244.00        169.8        64.10         -104.40
1246.00        169.6        64.10         -104.40
1248.00        169.3        64.10         -104.30
1250.00        169.1        64.10         -104.40
1252.00        168.9        64.10         -104.30
1254.00        168.7        64.10         -104.30
1256.00        168.5        64.10         -104.30
1258.00        168.4        64.10         -104.30
1260.00        168.2        64.10         -104.30
1262.00        167.8        64.10         -104.30
1264.00        167.7        64.10         -104.30
1266.00        167.4        64.10         -104.30
1268.00        167.1        64.10         -104.30
1270.00        167          64.10         -104.20
1272.00        166.7        64.10         -104.20
1274.00        166.7        64.10         -104.20
1276.00        166.6        64.10         -104.20
1278.00        166.2        64.10         -104.20
1280.00        166          64.10         -104.20
1282.00        165.9        64.10         -104.20
1284.00        165.5        64.10         -104.20
1286.00        165.3        64.10         -104.20
1288.00        165.2        64.10         -104.10
1290.00        164.9        64.10         -104.10
1292.00        164.8        64.10         -104.10
1294.00        164.6        64.10         -104.10
1296.00        164.5        64.10         -104.10
1298.00        164.2        64.10         -104.10
1300.00        164.1        64.10         -104.10
1302.00        163.8        64.10         -104.10
1304.00        163.5        64.10         -104.10
1306.00        163.4        64.10         -104.00
1308.00        163.2        64.10         -104.00
1310.00        162.8        64.10         -104.00
1312.00        162.7        64.10         -104.00
1314.00        162.7        64.10         -104.00
1316.00        162.5        64.10         -104.00
1318.00        162.1        64.10         -103.90
1320.00        162.1        64.10         -103.90
1322.00        161.7        64.10         -103.90
1324.00        161.7        64.10         -103.90
1326.00        161.5        64.10         -103.90
1328.00        161.3        64.10         -103.90
1330.00        160.9        64.10         -103.80
1332.00        160.7        64.10         -103.80
1334.00        160.7        64.10         -103.80
1336.00        160.3        64.10         -103.80
1338.00        160.1        64.10         -103.80
1340.00        159.8        64.10         -103.80
1342.00        159.8        64.10         -103.70
1344.00        159.6        64.10         -103.70
1346.00        159.4        64.10         -103.70
1348.00        159.1        64.10         -103.70
1350.00        159.1        64.10         -103.70
1352.00        158.8        64.10         -103.70
1354.00        158.4        64.10         -103.60
1356.00        158.4        64.10         -103.60
1358.00        158.2        64.10         -103.60
1360.00        158.1        64.10         -103.60
1362.00        157.8        64.10         -103.50
1364.00        157.7        64.10         -103.50
1366.00        157.3        64.10         -103.50
1368.00        157.1        64.10         -103.50
1370.00        157          64.10         -103.40
1372.00        156.9        64.10         -103.40
1374.00        156.4        64.10         -103.40
1376.00        156.4        64.10         -103.40
1378.00        156.3        64.10         -103.30
1380.00        155.9        64.10         -103.30
1382.00        155.9        64.10         -103.30
1384.00        155.7        64.10         -103.20
1386.00        155.3        64.10         -103.20
1388.00        155.2        64.10         -103.20
1390.00        155.1        64.10         -103.10
1392.00        154.9        64.20         -103.10
1394.00        154.6        64.10         -103.10
1396.00        154.5        64.10         -103.00
1398.00        154.5        64.20         -103.00
1400.00        154.2        64.20         -103.00
1402.00        153.9        64.20         -102.90
1404.00        153.8        64.20         -102.90
1406.00        153.8        64.20         -102.80
1408.00        153.3        64.20         -102.80
1410.00        153.3        64.20         -102.70
1412.00        153.1        64.20         -102.70
1414.00        152.8        64.20         -102.60
1416.00        152.7        64.20         -102.60
1418.00        152.5        64.20         -102.50
1420.00        152.2        64.20         -102.50
1422.00        152.1        64.20         -102.40
1424.00        152          64.20         -102.40
1426.00        151.8        64.20         -102.30
1428.00        151.5        64.20         -102.20
1430.00        151.3        64.20         -102.20
1432.00        151          64.30         -102.10
1434.00        150.9        64.30         -102.10
1436.00        150.9        64.30         -102.00
1438.00        150.6        64.30         -101.90
1440.00        150.3        64.30         -101.80
1442.00        150          64.30         -101.80
1444.00        150          64.30         -101.70
1446.00        149.7        64.30         -101.60
1448.00        149.6        64.30         -101.50
1450.00        149.5        64.30         -101.40
1452.00        149.1        64.30         -101.40
1454.00        149          64.30         -101.30
1456.00        149          64.40         -101.20
1458.00        148.9        64.40         -101.10
1460.00        148.5        64.40         -101.00
1462.00        148.3        64.40         -100.90
1464.00        148.3        64.40         -100.70
1466.00        148.2        64.40         -100.60
1468.00        147.8        64.40         -100.50
1470.00        147.8        64.50         -100.40
1472.00        147.6        64.50         -100.30
1474.00        147.2        64.50         -100.10
1476.00        147.2        64.50         -100.00
1478.00        146.9        64.50         -99.90
1480.00        146.5        64.50         -99.80
1482.00        146.5        64.60         -99.60
1484.00        146.4        64.60         -99.50
1486.00        146.1        64.60         -99.30
1488.00        146.1        64.60         -99.10
1490.00        145.9        64.60         -99.00
1492.00        145.6        64.60         -98.80
1494.00        145.6        64.70         -98.70
1496.00        145.4        64.70         -98.50
1498.00        145.2        64.70         -98.30
1500.00        145          64.70         -98.10
1502.00        144.9        64.70         -98.00
1504.00        144.5        64.80         -97.80
1506.00        144.5        64.80         -97.60
1508.00        144.3        64.80         -97.40
1510.00        143.9        64.80         -97.20
1512.00        143.9        64.90         -97.00
1514.00        143.9        64.90         -96.80
1516.00        143.8        64.90         -96.60
1518.00        143.4        64.90         -96.40
1520.00        143.2        65.00         -96.20
1522.00        143.2        65.00         -96.00
1524.00        142.9        65.00         -95.80
1526.00        142.7        65.00         -95.50
1528.00        142.5        65.10         -95.30
1530.00        142.5        65.10         -95.10
1532.00        142.4        65.10         -94.80
1534.00        142          65.20         -94.60
1536.00        142          65.20         -94.30
1538.00        141.8        65.20         -94.00
1540.00        141.7        65.20         -93.80
1542.00        141.3        65.30         -93.50
1544.00        141.3        65.30         -93.30
1546.00        141.1        65.30         -93.00
1548.00        141          65.40         -92.70
1550.00        140.7        65.40         -92.40
1552.00        140.6        65.50         -92.20
1554.00        140.4        65.50         -91.80
1556.00        140.2        65.50         -91.60
1558.00        140          65.60         -91.20
1560.00        139.9        65.60         -90.90
1562.00        139.7        65.60         -90.60
1564.00        139.5        65.70         -90.20
1566.00        139.5        65.70         -89.90
1568.00        139.3        65.80         -89.60
1570.00        139.2        65.80         -89.20
1572.00        138.8        65.90         -88.90
1574.00        138.8        65.90         -88.40
1576.00        138.6        65.90         -88.10
1578.00        138.5        66.00         -87.70
1580.00        138.2        66.00         -87.30
1582.00        138.1        66.10         -86.90
1584.00        138.1        66.10         -86.50
1586.00        137.8        66.20         -86.00
1588.00        137.5        66.20         -85.60
1590.00        137.4        66.30         -85.20
1592.00        137.4        66.30         -84.70
1594.00        137          66.40         -84.30
1596.00        137          66.50         -83.80
1598.00        136.7        66.50         -83.40
1600.00        136.7        66.50         -83.00
1602.00        136.6        66.60         -82.50
1604.00        136.1        66.70         -82.00
1606.00        136.1        66.70         -81.60
1608.00        136          66.80         -81.10
1610.00        135.7        66.80         -80.60
1612.00        135.6        66.90         -80.10
1614.00        135.6        67.00         -79.50
1616.00        135.4        67.00         -79.10
1618.00        135.3        67.10         -78.40
1620.00        135          67.20         -78.00
1622.00        134.9        67.20         -77.50
1624.00        134.8        67.30         -76.80
1626.00        134.5        67.30         -76.30
1628.00        134.3        67.40         -75.80
1630.00        134.2        67.50         -75.10
1632.00        134.2        67.50         -74.60
1634.00        134.1        67.60         -74.20
1636.00        133.8        67.70         -73.60
1638.00        133.6        67.70         -73.20
1640.00        133.5        67.80         -72.70
1642.00        133.4        67.80         -72.30
1644.00        133.4        67.90         -72.00
1646.00        132.9        67.90         -71.70
1648.00        132.8        68.00         -71.40
1650.00        132.8        68.00         -71.20
1652.00        132.5        68.00         -71.00
1654.00        132.4        68.10         -70.80
1656.00        132.3        68.10         -70.70
1658.00        132.1        68.10         -70.50
1660.00        132.1        68.10         -70.40
1662.00        131.7        68.10         -70.30
1664.00        131.6        68.10         -70.20
1666.00        131.6        68.20         -70.10
1668.00        131.3        68.20         -70.00
1670.00        131.1        68.20         -69.90
1672.00        131          68.20         -69.90
1674.00        131          68.20         -69.70
1676.00        130.6        68.20         -69.70
1678.00        130.4        68.20         -69.60
1680.00        130.4        68.30         -69.50
1682.00        130.4        68.30         -69.40
1684.00        130.2        68.30         -69.30
1686.00        130.2        68.30         -69.20
1688.00        129.9        68.30         -69.10
1690.00        129.8        68.30         -69.00
1692.00        129.6        68.30         -68.90
1694.00        129.2        68.30         -68.90
1696.00        129.2        68.40         -68.80
1698.00        129.1        68.40         -68.70
1700.00        129          68.40         -68.60
1702.00        128.8        68.40         -68.50
1704.00        128.5        68.20         -68.40
1706.00        128.4        68.10         -68.30
1708.00        128.4        68.10         -68.20
1710.00        128          68.20         -68.10
1712.00        128          68.20         -68.00
1714.00        127.9        68.20         -67.90
1716.00        127.6        68.20         -67.90
1718.00        127.6        68.20         -67.80
1720.00        127.2        68.20         -67.60
1722.00        127.2        68.20         -67.50
1724.00        127          68.20         -67.50
1726.00        126.6        68.30         -67.40
1728.00        126.6        68.30         -67.30
1730.00        126.5        68.30         -67.20
1732.00        126.3        68.30         -67.20
1734.00        126          68.30         -67.10
1736.00        125.8        68.30         -67.10
1738.00        125.6        68.30         -67.00
1740.00        125.4        68.30         -67.00
1742.00        125.2        68.30         -67.00
1744.00        125.1        68.30         -66.90
1746.00        124.7        68.30         -66.90
1748.00        124.7        68.30         -66.90
1750.00        124.6        68.30         -66.90
1752.00        124.2        68.30         -66.90
1754.00        124.2        68.30         -66.90
1756.00        124.1        68.30         -66.90
1758.00        123.6        68.30         -66.90
1760.00        123.6        68.30         -66.80
1762.00        123.4        68.30         -66.80
1764.00        123.2        68.30         -66.80
1766.00        123.2        68.30         -66.80
1768.00        122.8        68.30         -66.80
1770.00        122.8        68.30         -66.80
1772.00        122.5        68.30         -66.80
1774.00        122.5        68.30         -66.80
1776.00        122          68.30         -66.80
1778.00        122          68.30         -66.80
1780.00        121.9        68.30         -66.80
1782.00        121.6        68.30         -66.80
1784.00        121.5        68.30         -66.80
1786.00        121.2        68.30         -66.80
1788.00        121.2        68.30         -66.80
1790.00        120.8        68.30         -66.80
1792.00        120.8        68.30         -66.80
1794.00        120.6        68.30         -66.80
1796.00        120.4        68.30         -66.80
1798.00        120.5        68.30         -66.70
1800.00        120.2        68.30         -66.80
1802.00        120.1        68.30         -66.70
1804.00        119.7        68.40         -66.70
1806.00        119.7        68.30         -66.80
1808.00        119.4        68.40         -66.80
1810.00        119.4        68.40         -66.70
1812.00        119.1        68.40         -66.80
1814.00        119          68.40         -66.80
1816.00        118.8        68.30         -66.80
1818.00        118.7        68.40         -66.70
1820.00        118.7        68.40         -66.70
1822.00        118.3        68.40         -66.80
1824.00        118.3        68.40         -66.70
1826.00        118          68.40         -66.70
1828.00        118          68.40         -66.70
1830.00        117.7        68.30         -66.70
1832.00        117.6        68.40         -66.70
1834.00        117.4        68.40         -66.70
1836.00        117.2        68.40         -66.70
1838.00        117.2        68.40         -66.70
1840.00        117          68.40         -66.70
1842.00        116.9        68.40         -66.70
1844.00        116.7        68.40         -66.70
1846.00        116.7        68.40         -66.70
1848.00        116.5        68.40         -66.70
1850.00        116.3        68.40         -66.70
1852.00        116.2        68.40         -66.70
1854.00        115.9        68.40         -66.70
1856.00        115.9        68.40         -66.70
1858.00        115.6        68.30         -66.70
1860.00        115.5        68.40         -66.70
1862.00        115.5        68.40         -66.70
1864.00        115.2        68.40         -66.70
1866.00        115.1        68.40         -66.70
1868.00        115.1        68.40         -66.70
1870.00        114.8        68.40         -66.70
1872.00        114.5        68.40         -66.70
1874.00        114.5        68.40         -66.70
1876.00        114.4        68.40         -66.60
1878.00        114.2        68.40         -66.60
1880.00        114          68.40         -66.60
1882.00        114          68.40         -66.60
1884.00        113.8        68.40         -66.60
1886.00        113.8        68.40         -66.60
1888.00        113.7        68.40         -66.60
1890.00        113.2        68.40         -66.60
1892.00        113.2        68.40         -66.60
1894.00        113.1        68.40         -66.60
1896.00        113.1        68.40         -66.60
1898.00        112.7        68.40         -66.60
1900.00        112.7        68.40         -66.60
1902.00        112.5        68.40         -66.60
1904.00        112.4        68.40         -66.60
1906.00        112.4        68.40         -66.60
1908.00        112.1        68.40         -66.60
1910.00        112          68.40         -66.60
1912.00        111.9        68.40         -66.60
1914.00        111.9        68.40         -66.60
1916.00        111.4        68.40         -66.60
1918.00        111.4        68.40         -66.60
1920.00        111.2        68.40         -66.60
1922.00        111.2        68.40         -66.60
1924.00        110.9        68.40         -66.60
1926.00        110.7        68.40         -66.60
1928.00        110.7        68.40         -66.60
1930.00        110.6        68.40         -66.60
1932.00        110.5        68.40         -66.60
1934.00        110.2        68.40         -66.60
1936.00        110.2        68.40         -66.60
1938.00        110          68.40         -66.60
1940.00        109.9        68.40         -66.60
1942.00        109.6        68.40         -66.60
1944.00        109.6        68.40         -66.60
1946.00        109.5        68.40         -66.60
1948.00        109.5        68.40         -66.60
1950.00        109.2        68.40         -66.60
1952.00        109.2        68.40         -66.60
1954.00        108.9        68.40         -66.60
1956.00        108.8        68.40         -66.60
1958.00        108.8        68.40         -66.60
1960.00        108.4        68.40         -66.60
1962.00        108.4        68.40         -66.60
1964.00        108.4        68.40         -66.60
1966.00        108.1        68.40         -66.60
1968.00        108.2        68.40         -66.50
1970.00        108.1        68.40         -66.50
1972.00        107.7        68.40         -66.50
1974.00        107.7        68.40         -66.60
1976.00        107.5        68.40         -66.60
1978.00        107.4        68.40         -66.60
1980.00        107.4        68.40         -66.60
1982.00        107.4        68.40         -66.60
1984.00        107          68.40         -66.50
1986.00        107          68.40         -66.50
1988.00        106.9        68.40         -66.60
1990.00        106.7        68.40         -66.50
1992.00        106.7        68.40         -66.50
1994.00        106.4        68.40         -66.50
1996.00        106.4        68.40         -66.50
1998.00        106.3        68.40         -66.50
2000.00        106.2        68.40         -66.50
2002.00        106.2        68.40         -66.50
2004.00        106          68.40         -66.50
2006.00        105.7        68.40         -66.50
2008.00        105.7        68.40         -66.50
2010.00        105.5        68.40         -66.50
2012.00        105.5        68.40         -66.50
2014.00        105.5        68.40         -66.50
2016.00        105.2        68.40         -66.50
2018.00        105          68.40         -66.50
2020.00        105          68.40         -66.50
2022.00        104.9        68.40         -66.50
2024.00        104.9        68.40         -66.50
2026.00        104.5        68.40         -66.50
2028.00        104.5        68.40         -66.50
2030.00        104.5        68.40         -66.50
2032.00        104.4        68.40         -66.50
2034.00        104.2        68.40         -66.50
2036.00        103.9        68.40         -66.50
2038.00        103.9        68.40         -66.50
2040.00        103.8        68.40         -66.50
2042.00        103.7        68.40         -66.50
2044.00        103.7        68.40         -66.50
2046.00        103.7        68.40         -66.50
2048.00        103.5        68.40         -66.50
2050.00        103.2        68.40         -66.50
2052.00        103.2        68.40         -66.50
2054.00        103.1        68.40         -66.50
2056.00        103.1        68.40         -66.50
2058.00        102.9        68.40         -66.50
2060.00        102.7        68.40         -66.50
2062.00        102.7        68.40         -66.50
2064.00        102.7        68.40         -66.50
2066.00        102.5        68.40         -66.50
2068.00        102.3        68.40         -66.50
2070.00        102.3        68.40         -66.50
2072.00        102.2        68.40         -66.50
2074.00        102.2        68.40         -66.50
2076.00        101.9        68.40         -66.50
2078.00        101.9        68.40         -66.50
2080.00        101.8        68.40         -66.50
2082.00        101.8        68.40         -66.50
2084.00        101.6        68.40         -66.50
2086.00        101.5        68.40         -66.50
2088.00        101.5        68.40         -66.50
2090.00        101.2        68.40         -66.50
2092.00        101.1        68.40         -66.50
2094.00        101.1        68.40         -66.40
2096.00        100.9        68.40         -66.40
2098.00        100.9        68.40         -66.50
2100.00        100.9        68.40         -66.40
2102.00        100.5        68.40         -66.40
2104.00        100.5        68.40         -66.40
2106.00        100.4        68.40         -66.50
2108.00        100.4        68.40         -66.40
2110.00        100.4        68.40         -66.50
2112.00        100.2        68.40         -66.40
2114.00        100.2        68.40         -66.40
2116.00        100          68.40         -66.40
2118.00        99.8         68.40         -66.40
2120.00        99.8         68.40         -66.40
2122.00        99.7         68.40         -66.40
2124.00        99.5         68.40         -66.40
2126.00        99.5         68.40         -66.40
2128.00        99.3         68.40         -66.40
2130.00        99.1         68.40         -66.40
2132.00        99.1         68.40         -66.40
2134.00        99.1         68.40         -66.40
2136.00        99.1         68.40         -66.40
2138.00        99           68.40         -66.40
2140.00        98.7         68.40         -66.40
2142.00        98.7         68.40         -66.40
2144.00        98.6         68.40         -66.40
2146.00        98.6         68.40         -66.40
2148.00        98.4         68.40         -66.40
2150.00        98.4         68.40         -66.40
2152.00        98.3         68.40         -66.40
2154.00        98.3         68.40         -66.40
2156.00        98           68.40         -66.40
2158.00        98           68.40         -66.40
2160.00        97.9         68.40         -66.40
2162.00        97.7         68.40         -66.40
2164.00        97.7         68.40         -66.40
2166.00        97.5         68.40         -66.40
2168.00        97.5         68.40         -66.40
2170.00        97.3         68.40         -66.40
2172.00        97.3         68.40         -66.40
2174.00        97.2         68.40         -66.40
2176.00        97.2         68.40         -66.40
2178.00        97           68.40         -66.40
2180.00        97           68.40         -66.40
2182.00        96.8         68.40         -66.40
2184.00        96.5         68.40         -66.40
2186.00        96.5         68.40         -66.40
2188.00        96.4         68.40         -66.40
2190.00        96.4         68.40         -66.40
2192.00        96.2         68.40         -66.40
2194.00        96.2         68.40         -66.40
2196.00        96           68.40         -66.40
2198.00        96           68.40         -66.40
2200.00        95.8         68.40         -66.40
2202.00        95.9         68.40         -66.40
2204.00        95.8         68.40         -66.40
2206.00        95.8         68.40         -66.40
2208.00        95.5         68.40         -66.40
2210.00        95.5         68.40         -66.40
2212.00        95.4         68.40         -66.40
2214.00        95.4         68.40         -66.40
2216.00        95.2         68.40         -66.40
2218.00        95.1         68.40         -66.40
2220.00        95.1         68.40         -66.40
2222.00        94.8         68.40         -66.40
2224.00        94.8         68.40         -66.40
2226.00        94.8         68.40         -66.40
2228.00        94.7         68.40         -66.40
2230.00        94.5         68.40         -66.40
2232.00        94.5         68.40         -66.40
2234.00        94.3         68.40         -66.40
2236.00        94.1         68.40         -66.40
2238.00        94.1         68.40         -66.40
2240.00        94.1         68.40         -66.40
2242.00        94           68.40         -66.40
2244.00        94           68.40         -66.40
2246.00        93.8         68.40         -66.40
2248.00        93.6         68.40         -66.40
2250.00        93.6         68.40         -66.40
2252.00        93.4         68.40         -66.30
2254.00        93.4         68.40         -66.40
2256.00        93.3         68.40         -66.40
2258.00        93.3         68.40         -66.40
2260.00        93.3         68.40         -66.30
2262.00        93           68.40         -66.30
2264.00        93           68.40         -66.30
2266.00        92.9         68.40         -66.40
2268.00        92.9         68.40         -66.30
2270.00        92.6         68.40         -66.40
2272.00        92.6         68.40         -66.40
2274.00        92.7         68.40         -66.40
2276.00        92.4         68.40         -66.40
2278.00        92.4         68.40         -66.40
2280.00        92.3         68.40         -66.40
2282.00        92.3         68.40         -66.30
2284.00        92.1         68.40         -66.30
2286.00        92.1         68.40         -66.30
2288.00        92           68.40         -66.30
2290.00        91.7         68.40         -66.30
2292.00        91.7         68.40         -66.30
2294.00        91.7         68.40         -66.30
2296.00        91.6         68.40         -66.30
2298.00        91.6         68.40         -66.30
2300.00        91.4         68.40         -66.30
2302.00        91.4         68.40         -66.30
2304.00        91.2         68.40         -66.30
2306.00        91.2         68.40         -66.40
2308.00        91           68.40         -66.30
2310.00        91           68.40         -66.30
2312.00        90.9         68.40         -66.30
2314.00        90.9         68.40         -66.30
2316.00        90.8         68.40         -66.30
2318.00        90.8         68.40         -66.30
2320.00        90.8         68.40         -66.30
2322.00        90.5         68.40         -66.30
2324.00        90.5         68.40         -66.30
2326.00        90.3         68.40         -66.30
2328.00        90.3         68.40         -66.30
2330.00        90.2         68.40         -66.30
2332.00        90.2         68.40         -66.30
2334.00        90.2         68.40         -66.30
2336.00        89.9         68.40         -66.30
2338.00        89.9         68.40         -66.30
2340.00        89.8         68.40         -66.30
2342.00        89.8         68.40         -66.30
2344.00        89.6         68.40         -66.30
2346.00        89.6         68.40         -66.30
2348.00        89.6         68.40         -66.30
2350.00        89.5         68.40         -66.30
2352.00        89.5         68.40         -66.30
2354.00        89.2         68.40         -66.30
2356.00        89.2         68.40         -66.30
2358.00        89.1         68.40         -66.30
2360.00        89.1         68.40         -66.30
2362.00        88.9         68.40         -66.30
2364.00        88.9         68.40         -66.30
2366.00        88.8         68.40         -66.30
2368.00        88.8         68.40         -66.30
2370.00        88.8         68.40         -66.30
2372.00        88.5         68.40         -66.30
2374.00        88.4         68.40         -66.30
2376.00        88.4         68.40         -66.30
2378.00        88.4         68.40         -66.30
2380.00        88.3         68.40         -66.30
2382.00        88.3         68.40         -66.30
2384.00        88           68.40         -66.30
2386.00        88           68.40         -66.30
2388.00        88           68.40         -66.30
2390.00        87.8         68.40         -66.30
2392.00        87.8         68.40         -66.30
2394.00        87.7         68.40         -66.30
2396.00        87.7         68.40         -66.30
2398.00        87.6         68.40         -66.30
2400.00        87.6         68.40         -66.30
2402.00        87.6         68.40         -66.30
2404.00        87.3         68.40         -66.30
2406.00        87.3         68.40         -66.30
2408.00        87.1         68.40         -66.30
2410.00        87.1         68.40         -66.30
2412.00        87.1         68.40         -66.30
2414.00        87           68.40         -66.30
2416.00        86.7         68.40         -66.30
2418.00        86.7         68.40         -66.30
2420.00        86.7         68.40         -66.30
2422.00        86.8         68.40         -66.30
2424.00        86.7         68.40         -66.30
2426.00        86.7         68.40         -66.30
2428.00        86.6         68.40         -66.30
2430.00        86.6         68.40         -66.30
2432.00        86.4         68.40         -66.30
2434.00        86.4         68.40         -66.30
2436.00        86.1         68.40         -66.30
2438.00        86.1         68.40         -66.30
2440.00        86           68.40         -66.30
2442.00        86           68.40         -66.30
2444.00        86           68.40         -66.30
2446.00        86           68.40         -66.30
2448.00        85.9         68.40         -66.30
2450.00        85.9         68.40         -66.30
2452.00        85.6         68.40         -66.30
2454.00        85.6         68.40         -66.30
2456.00        85.4         68.40         -66.30
2458.00        85.4         68.40         -66.30
2460.00        85.4         68.40         -66.30
2462.00        85.3         68.40         -66.30
2464.00        85.3         68.40         -66.20
2466.00        85.2         68.40         -66.20
2468.00        85.2         68.40         -66.20
2470.00        85.2         68.40         -66.20
2472.00        84.9         68.40         -66.30
2474.00        84.9         68.40         -66.30
2476.00        84.7         68.40         -66.30
2478.00        84.7         68.40         -66.30
2480.00        84.6         68.40         -66.30
2482.00        84.6         68.40         -66.20
2484.00        84.5         68.40         -66.30
2486.00        84.5         68.40         -66.30
2488.00        84.5         68.40         -66.30
2490.00        84.2         68.40         -66.30
2492.00        84.2         68.40         -66.20
2494.00        84.2         68.40         -66.20
2496.00        84.1         68.40         -66.30
2498.00        84.1         68.40         -66.20
2500.00        84.1         68.40         -66.20
2502.00        83.9         68.40         -66.20
2504.00        83.9         68.40         -66.20
2506.00        83.9         68.40         -66.20
2508.00        83.6         68.40         -66.20
2510.00        83.6         68.40         -66.20
2512.00        83.5         68.40         -66.20
2514.00        83.5         68.40         -66.20
2516.00        83.4         68.40         -66.20
2518.00        83.4         68.40         -66.20
2520.00        83.4         68.40         -66.20
2522.00        83.2         68.40         -66.20
2524.00        83.2         68.40         -66.20
2526.00        83.2         68.40         -66.20
2528.00        83.2         68.40         -66.20
2530.00        82.9         68.40         -66.20
2532.00        82.9         68.40         -66.20
2534.00        82.8         68.40         -66.20
2536.00        82.8         68.40         -66.20
2538.00        82.8         68.40         -66.20
2540.00        82.8         68.40         -66.20
2542.00        82.7         68.40         -66.20
2544.00        82.7         68.40         -66.20
2546.00        82.5         68.40         -66.20
2548.00        82.3         68.40         -66.20
2550.00        82.3         68.40         -66.20
2552.00        82.3         68.40         -66.20
2554.00        82.3         68.40         -66.20
2556.00        82.2         68.40         -66.20
2558.00        82.2         68.40         -66.20
2560.00        82.1         68.40         -66.20
2562.00        82.1         68.40         -66.20
2564.00        82.1         68.40         -66.20
2566.00        82.1         68.40         -66.20
2568.00        81.8         68.40         -66.20
2570.00        81.8         68.40         -66.20
2572.00        81.7         68.40         -66.20
2574.00        81.7         68.40         -66.20
2576.00        81.7         68.40         -66.20
2578.00        81.7         68.40         -66.20
2580.00        81.5         68.40         -66.20
2582.00        81.5         68.40         -66.20
2584.00        81.4         68.40         -66.20
2586.00        81.4         68.40         -66.20
2588.00        81.4         68.40         -66.20
2590.00        81.1         68.40         -66.20
2592.00        81.1         68.40         -66.20
2594.00        81.1         68.40         -66.20
2596.00        81.1         68.40         -66.20
2598.00        81           68.40         -66.20
2600.00        81           68.40         -66.20
2602.00        80.8         68.40         -66.20
2604.00        80.8         68.40         -66.20
2606.00        80.5         68.40         -66.20
2608.00        80.5         68.40         -66.20
2610.00        80.5         68.40         -66.20
2612.00        80.4         68.40         -66.20
2614.00        80.4         68.40         -66.20
2616.00        80.3         68.40         -66.20
2618.00        80.3         68.40         -66.20
2620.00        80.3         68.40         -66.20
2622.00        80.3         68.40         -66.20
2624.00        80.1         68.40         -66.20
2626.00        80.1         68.40         -66.20
2628.00        80.1         68.40         -66.20
2630.00        79.9         68.40         -66.20
2632.00        79.9         68.40         -66.20
2634.00        79.9         68.40         -66.20
2636.00        79.7         68.40         -66.20
2638.00        79.7         68.40         -66.20
2640.00        79.7         68.40         -66.20
2642.00        79.6         68.40         -66.20
2644.00        79.6         68.40         -66.20
2646.00        79.3         68.40         -66.20
2648.00        79.3         68.40         -66.20
2650.00        79.3         68.40         -66.20
2652.00        79.3         68.40         -66.20
2654.00        79.2         68.40         -66.20
2656.00        79.2         68.40         -66.20
2658.00        79.2         68.40         -66.20
2660.00        79           68.40         -66.20
2662.00        79           68.40         -66.20
2664.00        78.9         68.40         -66.20
2666.00        78.9         68.40         -66.20
2668.00        78.9         68.40         -66.20
2670.00        78.6         68.40         -66.20
2672.00        78.6         68.40         -66.20
2674.00        78.6         68.40         -66.20
2676.00        78.5         68.40         -66.20
2678.00        78.6         68.40         -66.20
2680.00        78.5         68.40         -66.20
2682.00        78.5         68.40         -66.20
2684.00        78.3         68.40         -66.20
2686.00        78.3         68.40         -66.20
2688.00        78.3         68.40         -66.20
2690.00        78.3         68.40         -66.20
2692.00        78           68.40         -66.20
2694.00        78           68.40         -66.20
2696.00        77.9         68.40         -66.20
2698.00        77.9         68.40         -66.20
2700.00        77.9         68.40         -66.20
2702.00        77.9         68.40         -66.20
2704.00        77.8         68.40         -66.20
2706.00        77.8         68.40         -66.20
2708.00        77.6         68.40         -66.20
2710.00        77.6         68.40         -66.20
2712.00        77.6         68.40         -66.20
2714.00        77.6         68.40         -66.20
2716.00        77.4         68.40         -66.20
2718.00        77.4         68.40         -66.20
2720.00        77.3         68.40         -66.20
2722.00        77.3         68.40         -66.20
2724.00        77.1         68.40         -66.20
2726.00        77.1         68.50         -66.20
2728.00        77           68.40         -66.20
2730.00        77           68.40         -66.20
2732.00        77           68.40         -66.20
2734.00        77           68.40         -66.20
2736.00        77           68.40         -66.20
2738.00        76.8         68.40         -66.20
2740.00        76.8         68.40         -66.20
2742.00        76.6         68.40         -66.20
2744.00        76.6         68.40         -66.20
2746.00        76.6         68.40         -66.20
2748.00        76.4         68.40         -66.20
2750.00        76.4         68.40         -66.20
2752.00        76.4         68.40         -66.20
2754.00        76.3         68.40         -66.20
2756.00        76.4         68.40         -66.20
2758.00        76.3         68.40         -66.20
2760.00        76.3         68.40         -66.20
2762.00        76.3         68.40         -66.20
2764.00        76           68.40         -66.20
2766.00        76           68.40         -66.20
2768.00        75.9         68.40         -66.20
2770.00        75.9         68.40         -66.20
2772.00        75.9         68.40         -66.20
2774.00        75.9         68.40         -66.20
2776.00        75.7         68.40         -66.20
2778.00        75.7         68.40         -66.20
2780.00        75.7         68.40         -66.20
2782.00        75.7         68.40         -66.20
2784.00        75.6         68.40         -66.20
2786.00        75.6         68.40         -66.20
2788.00        75.5         68.40         -66.20
2790.00        75.5         68.40         -66.20
2792.00        75.2         68.40         -66.20
2794.00        75.2         68.40         -66.20
2796.00        75.2         68.40         -66.20
2798.00        75.2         68.40         -66.20
2800.00        75.2         68.40         -66.20
2802.00        75.1         68.40         -66.20
2804.00        75.1         68.40         -66.20
2806.00        75.1         68.40         -66.20
2808.00        74.9         68.40         -66.20
